chart(140.00,4.00)
lane(0,4,0)
lane(0,0,0)
tap(3429,1,1)
tap(4286,1,1)
tap(5143,1,2)
tap(6000,1,2)
tap(6857,1,1)
tap(7714,1,1)
hold(8571,3,1,1286)
hold(10286,3,1,857)
tap(11571,1,3)
hold(12000,2,1,857)
tap(13286,1,2)
hold(13714,1,1,857)
tap(15000,1,1)
tap(15429,1,1)
tap(17143,1,5)
hold(18857,5,1,857)
tap(20571,1,5)
tap(21429,1,5)
tap(22286,1,5)
flick(23571,6,12,6,4)
skyarea(24000,13,16,6,3,16,6,1,1,857,20)
skyarea(24857,3,16,6,13,16,6,2,2,857,20)
skyarea(25714,13,16,6,7,16,6,0,0,857,20)
flick(26571,5,16,10,16)
skyarea(27429,3,16,6,13,16,6,1,1,857,22)
skyarea(28286,13,16,6,3,16,6,2,2,857,22)
skyarea(29143,3,16,6,9,16,6,0,0,857,22)
flick(30000,11,16,10,4)
skyarea(30857,13,16,6,3,16,6,1,1,857,24)
skyarea(31714,3,16,6,13,16,6,2,2,857,24)
skyarea(32571,13,16,6,7,16,6,0,0,857,24)
flick(33428,5,16,10,16)
skyarea(34286,3,16,6,13,16,6,1,1,857,26)
skyarea(35143,13,16,6,3,16,6,2,2,857,26)
flick(36000,8,16,16,4)
flick(36857,8,16,16,16)
skyarea(37714,3,16,6,13,16,6,1,1,857,29)
skyarea(38571,13,16,6,3,16,6,2,2,857,29)
skyarea(39428,3,16,6,9,16,6,0,0,857,29)
flick(40285,11,16,10,4)
skyarea(41143,13,16,6,3,16,6,1,1,857,31)
skyarea(42000,3,16,6,13,16,6,2,2,857,31)
skyarea(42857,13,16,6,7,16,6,0,0,857,31)
flick(43714,5,16,10,16)
flick(44571,6,12,8,4)
flick(46071,6,12,8,16)
flick(46286,6,12,8,4)
skyarea(48000,6,12,6,6,12,6,1,1,339,36)
skyarea(48643,6,12,6,6,12,6,1,1,339,37)
skyarea(49286,8,16,16,8,16,6,1,1,428,38)
tap(51429,1,1)
tap(52286,1,1)
hold(53054,3,1,732)
hold(54000,3,1,429)
tap(54857,1,1)
hold(55714,1,1,429)
tap(56571,1,2)
hold(57429,2,1,428)
tap(58286,1,3)
tap(59143,1,3)
hold(59911,1,1,732)
hold(60857,1,1,429)
hold(61626,2,1,732)
hold(62572,2,1,429)
tap(63429,1,3)
hold(65143,5,1,3428)
skyarea(72000,11,14,6,7,14,6,2,2,429,55)
skyarea(72429,7,14,6,3,14,6,1,1,428,55)
skyarea(72857,3,14,6,7,14,6,2,2,429,55)
skyarea(73286,7,14,6,11,14,6,1,1,428,55)
skyarea(73714,11,14,6,7,14,6,2,2,429,55)
skyarea(74143,7,14,6,3,14,6,1,1,428,55)
skyarea(74571,3,14,6,7,14,6,2,2,429,55)
skyarea(75000,7,14,6,11,14,6,1,1,428,55)
skyarea(75428,11,14,6,7,14,6,2,2,430,55)
skyarea(75858,7,14,6,3,14,6,1,1,428,55)
skyarea(76286,3,14,6,7,14,6,2,2,429,55)
skyarea(76715,7,14,6,11,14,6,1,1,428,55)
flick(77143,6,12,12,16)
tap(78857,1,1)
tap(80571,1,2)
tap(82286,1,3)
tap(84000,1,1)
tap(85714,1,5)
hold(87428,5,1,857)
tap(89142,1,5)
tap(90000,1,5)
tap(90857,1,5)
skyarea(92571,6,12,12,6,12,4,2,2,1286,66)
flick(93857,6,12,4,16)
flick(94286,6,12,8,4)
skyarea(95911,13,16,6,3,16,6,0,0,518,69)
skyarea(96429,3,16,6,3,16,6,0,0,857,69)
skyarea(97625,3,16,6,13,16,6,0,0,518,70)
skyarea(98143,13,16,6,13,16,6,0,0,857,70)
skyarea(99429,6,12,4,6,12,12,1,1,1714,71)
flick(101143,6,12,12,16)
skyarea(102768,3,16,6,13,16,6,0,0,518,73)
skyarea(103286,13,16,6,13,16,6,0,0,857,73)
skyarea(104482,13,16,6,3,16,6,0,0,518,74)
skyarea(105000,3,16,6,3,16,6,0,0,857,74)
skyarea(106286,3,14,6,11,14,6,1,1,643,75)
skyarea(106929,11,14,6,9,14,6,2,2,428,75)
skyarea(107911,11,14,6,3,14,6,1,1,732,76)
skyarea(108643,3,14,6,5,14,6,2,2,428,76)
skyarea(109625,13,16,6,13,16,6,1,1,518,77)
skyarea(110482,3,16,6,3,16,6,1,1,518,78)
skyarea(111339,3,14,6,11,14,6,1,1,733,79)
skyarea(112072,11,14,6,3,14,6,2,2,643,79)
flick(113143,1,2,2,4)
flick(113786,1,2,2,16)
skyarea(114857,11,14,6,3,14,6,1,1,643,82)
skyarea(115500,3,14,6,11,14,6,2,2,643,82)
flick(116571,1,2,2,16)
flick(117429,1,2,2,4)
flick(118286,1,2,2,16)
tap(120000,1,3)
tap(120857,1,3)
tap(121714,1,2)
tap(122571,1,2)
tap(123429,1,3)
tap(124286,1,3)
hold(125143,1,1,857)
tap(126429,1,1)
hold(126857,2,1,643)
hold(127714,2,1,643)
hold(128571,3,1,643)
tap(129429,1,3)
tap(130286,1,1)
skyarea(132000,6,12,6,6,12,6,1,1,321,99)
skyarea(132554,6,12,6,6,12,6,1,1,321,100)
skyarea(133071,8,16,16,8,16,6,1,1,429,101)
