chart(140.00,4.00)
skyarea(1714,12,24,24,12,24,24,0,1,54,0)
skyarea(1929,3,24,4,3,24,6,1,1,107,1)
skyarea(2143,9,24,4,9,24,6,1,1,107,2)
skyarea(2357,15,24,4,15,24,6,1,1,107,3)
skyarea(2571,21,24,4,21,24,6,1,1,108,4)
skyarea(2786,21,24,6,21,24,6,1,0,26,5)
skyarea(2839,15,24,6,15,24,6,1,0,27,6)
skyarea(2893,9,24,6,9,24,6,1,0,27,7)
skyarea(2946,3,24,6,3,24,6,1,0,27,8)
flick(3000,12,24,24,4)
tap(3429,1,1)
tap(3768,1,1)
tap(3982,1,2)
tap(4071,1,3)
tap(4286,1,2)
tap(4411,1,1)
tap(4625,1,1)
tap(4839,1,1)
tap(4929,1,2)
tap(5143,1,1)
tap(5482,1,3)
tap(5696,1,2)
tap(5786,1,4)
hold(6000,0,1,857)
flick(6000,3,24,6,16)
flick(6125,14,24,20,4)
flick(6214,5,24,6,16)
flick(6339,15,24,18,4)
flick(6429,7,24,6,16)
flick(6554,16,24,16,4)
flick(6643,9,24,6,16)
flick(6768,17,24,14,4)
tap(6857,1,1)
flick(6857,11,24,6,16)
tap(7196,1,1)
tap(7410,1,2)
tap(7499,1,3)
tap(7714,1,2)
tap(7839,1,1)
tap(8053,1,1)
tap(8267,1,1)
tap(8357,1,2)
hold(8571,1,4,1500)
skyarea(8571,12,24,8,20,24,8,1,1,429,43)
skyarea(9000,20,24,8,12,24,8,2,2,429,43)
skyarea(9429,12,24,8,4,24,8,1,1,429,43)
skyarea(9858,4,24,8,12,24,8,2,2,428,43)
tap(10286,1,4)
tap(10625,1,4)
tap(10839,1,3)
tap(10928,1,2)
tap(11143,1,3)
tap(11268,1,4)
tap(11482,1,4)
tap(11696,1,4)
tap(11786,1,3)
tap(12000,1,4)
tap(12339,1,2)
tap(12553,1,3)
tap(12643,1,1)
hold(12857,5,1,857)
flick(12857,21,24,6,4)
flick(12982,10,24,20,16)
flick(13071,19,24,6,4)
flick(13196,9,24,18,16)
flick(13286,17,24,6,4)
flick(13411,8,24,16,16)
flick(13500,15,24,6,4)
flick(13625,7,24,14,16)
tap(13714,1,4)
flick(13714,13,24,6,4)
tap(14053,1,4)
tap(14267,1,3)
tap(14356,1,2)
tap(14571,1,3)
tap(14696,1,4)
tap(14910,1,4)
tap(15124,1,4)
tap(15214,1,3)
tap(15429,2,1)
tap(15429,1,0)
flick(15429,7,24,14,16)
hold(15643,1,2,214)
hold(15643,0,1,214)
flick(15643,7,24,14,16)
tap(15982,1,5)
tap(15982,2,3)
flick(15982,17,24,14,4)
hold(16196,3,2,214)
hold(16196,5,1,214)
flick(16196,17,24,14,4)
skyarea(16500,6,12,8,6,12,8,1,1,35,88)
skyarea(16571,6,12,8,6,12,8,1,1,36,89)
skyarea(16643,6,12,8,6,12,8,1,1,35,90)
skyarea(16714,6,12,8,6,12,4,1,1,429,91)
tap(17143,1,0)
flick(17143,4,12,8,16)
tap(17482,1,1)
tap(17696,1,1)
tap(17786,1,3)
tap(18000,1,2)
tap(18339,1,3)
tap(18554,1,3)
tap(18643,1,1)
tap(18857,1,5)
flick(18857,17,24,14,4)
tap(19196,1,4)
tap(19410,1,4)
tap(19500,1,2)
tap(19714,1,3)
tap(20053,1,2)
tap(20268,1,2)
tap(20357,1,4)
tap(20571,1,0)
flick(20571,6,24,12,16)
tap(20786,1,2)
tap(20911,1,3)
hold(21000,2,1,429)
flick(21000,12,24,8,16)
tap(21429,1,5)
flick(21429,18,24,12,4)
tap(21643,1,3)
tap(21768,1,2)
hold(21857,3,1,429)
flick(21857,12,24,8,4)
tap(22286,1,0)
flick(22286,6,24,12,16)
tap(22500,1,5)
tap(22714,1,3)
tap(22839,1,2)
tap(22929,1,3)
tap(23054,1,2)
hold(23143,5,1,428)
skyarea(23143,3,24,6,21,24,6,0,0,428,130)
tap(23571,4,1)
flick(23571,12,24,24,16)
tap(24000,1,1)
tap(24214,1,3)
tap(24339,1,2)
tap(24554,1,1)
tap(24643,1,2)
tap(24768,1,1)
hold(24982,2,2,197)
skyarea(24982,19,24,10,21,24,6,1,1,304,140)
skyarea(25286,12,24,24,12,24,24,0,0,53,140)
skyarea(25339,3,24,6,5,24,10,0,1,161,140)
tap(25286,2,2)
tap(25500,2,2)
flick(25500,12,24,24,4)
tap(25714,1,4)
tap(25928,1,2)
tap(26053,1,3)
tap(26268,1,4)
tap(26357,1,3)
tap(26482,1,4)
hold(26696,2,2,197)
skyarea(26696,5,24,10,3,24,6,1,1,304,151)
skyarea(27000,12,24,24,12,24,24,0,0,53,151)
skyarea(27053,21,24,6,19,24,10,1,0,161,151)
tap(27000,2,2)
tap(27214,2,2)
flick(27214,12,24,24,16)
tap(27429,1,1)
tap(27643,1,3)
tap(27768,1,2)
tap(27983,1,1)
tap(28071,1,3)
tap(28197,1,1)
hold(28411,2,2,197)
skyarea(28411,19,24,10,21,24,6,1,1,304,162)
skyarea(28715,12,24,24,12,24,24,0,0,53,162)
skyarea(28768,3,24,6,5,24,10,0,1,161,162)
tap(28715,2,2)
tap(28929,2,2)
flick(28929,12,24,24,4)
tap(29143,1,4)
tap(29357,1,2)
tap(29482,1,3)
tap(29697,1,4)
tap(29786,1,2)
tap(29911,1,4)
hold(30125,0,1,732)
flick(30125,5,12,10,16)
flick(30214,19,24,6,4)
flick(30339,9,24,18,16)
flick(30429,17,24,6,4)
flick(30554,8,24,16,16)
flick(30643,15,24,6,4)
flick(30768,7,24,14,16)
tap(30857,1,1)
tap(31071,1,2)
tap(31196,1,3)
tap(31411,1,2)
tap(31500,1,1)
tap(31625,1,2)
hold(31839,2,2,197)
skyarea(31839,19,24,10,21,24,6,1,1,304,187)
skyarea(32143,12,24,24,12,24,24,0,0,53,187)
skyarea(32196,3,24,6,5,24,10,0,1,161,187)
tap(32143,2,2)
tap(32357,2,2)
flick(32357,12,24,24,4)
tap(32571,1,4)
tap(32785,1,3)
tap(32910,1,2)
tap(33125,1,3)
tap(33214,1,4)
tap(33339,1,3)
hold(33553,2,2,197)
skyarea(33553,5,24,10,3,24,6,1,1,304,198)
skyarea(33857,12,24,24,12,24,24,0,0,53,198)
skyarea(33910,21,24,6,19,24,10,1,0,161,198)
tap(33857,2,2)
tap(34071,2,2)
flick(34071,12,24,24,16)
tap(34286,1,1)
tap(34500,1,2)
tap(34625,1,3)
tap(34840,1,2)
tap(34929,1,1)
tap(35054,1,2)
hold(35267,2,2,197)
skyarea(35268,19,24,10,21,24,6,1,1,304,209)
skyarea(35572,12,24,24,12,24,24,0,0,53,209)
skyarea(35625,3,24,6,5,24,10,0,1,161,209)
tap(35571,2,2)
tap(35785,2,2)
flick(35786,12,24,24,4)
hold(36000,0,1,214)
flick(36000,6,24,12,16)
tap(36214,2,2)
hold(36429,5,1,214)
flick(36429,18,24,12,4)
tap(36643,2,2)
hold(36857,0,1,214)
flick(36857,6,24,12,16)
tap(37071,2,2)
hold(37286,1,2,214)
hold(37286,3,2,214)
flick(37286,12,24,24,4)
tap(37714,1,4)
tap(37929,1,3)
tap(38054,1,4)
tap(38268,1,1)
tap(38357,1,2)
tap(38482,1,1)
hold(38696,2,2,197)
skyarea(38696,5,24,10,3,24,6,2,2,304,232)
skyarea(39000,12,24,24,12,24,24,0,0,53,232)
skyarea(39053,21,24,6,19,24,10,2,2,161,232)
tap(39000,2,2)
tap(39214,2,2)
flick(39214,12,24,24,16)
tap(39429,1,1)
tap(39644,1,2)
tap(39769,1,1)
tap(39983,1,4)
tap(40072,1,3)
tap(40197,1,4)
hold(40411,2,2,197)
skyarea(40411,19,24,10,21,24,6,2,2,304,243)
skyarea(40715,12,24,24,12,24,24,0,0,53,243)
skyarea(40768,3,24,6,5,24,10,2,2,161,243)
tap(40715,2,2)
tap(40929,2,2)
flick(40929,12,24,24,4)
tap(41143,1,4)
tap(41358,1,3)
tap(41482,1,2)
tap(41697,1,1)
tap(41786,1,2)
tap(41911,1,1)
hold(42125,2,2,197)
skyarea(42125,5,24,10,3,24,6,2,2,304,254)
skyarea(42429,12,24,24,12,24,24,0,0,53,254)
skyarea(42482,21,24,6,19,24,10,2,2,161,254)
tap(42429,2,2)
tap(42643,2,2)
flick(42643,12,24,24,16)
tap(42858,1,1)
tap(43073,1,2)
tap(43196,1,3)
tap(43412,1,4)
tap(43501,1,3)
tap(43626,1,4)
hold(43839,5,1,732)
flick(43839,7,12,10,4)
flick(43928,5,24,6,16)
flick(44053,15,24,18,4)
flick(44143,7,24,6,16)
flick(44268,16,24,16,4)
flick(44357,9,24,6,16)
flick(44482,17,24,14,4)
hold(44571,1,1,643)
skyarea(44571,20,24,8,6,24,12,2,2,340,273)
skyarea(44911,6,24,12,20,24,8,1,1,303,273)
flick(45214,18,24,12,16)
hold(45554,2,2,517)
skyarea(45554,5,24,10,3,24,6,1,0,304,276)
skyarea(45858,12,24,24,12,24,24,0,0,53,276)
skyarea(45911,21,24,6,19,24,10,0,1,160,276)
flick(46072,12,24,24,16)
hold(46286,4,1,643)
skyarea(46286,4,24,8,18,24,12,2,2,340,279)
skyarea(46626,18,24,12,4,24,8,1,1,303,279)
flick(46929,6,24,12,4)
hold(47268,2,2,518)
skyarea(47268,19,24,10,21,24,6,0,1,304,282)
skyarea(47572,12,24,24,12,24,24,0,0,53,282)
skyarea(47625,3,24,6,5,24,10,1,0,160,282)
flick(47786,12,24,24,4)
tap(48000,1,0)
flick(48000,8,24,16,16)
skyarea(48214,12,24,6,12,24,8,2,2,107,286)
tap(48321,1,5)
flick(48321,16,24,16,4)
skyarea(48535,12,24,6,12,24,8,2,2,107,289)
tap(48643,1,0)
flick(48643,8,24,16,16)
skyarea(48857,12,24,6,12,24,8,2,2,107,292)
tap(48964,1,5)
flick(48964,16,24,16,4)
skyarea(49178,12,24,6,12,24,8,2,2,107,295)
tap(49286,1,0)
flick(49286,8,24,16,16)
hold(49714,0,1,1286)
hold(49714,5,1,1286)
skyarea(49714,6,12,4,10,12,4,1,1,215,300)
skyarea(49929,10,12,4,6,12,4,2,2,214,300)
skyarea(50143,6,12,4,2,12,4,1,1,215,300)
skyarea(50358,2,12,4,6,12,4,2,2,214,300)
skyarea(50572,6,12,4,10,12,4,1,1,214,300)
skyarea(50786,10,12,4,6,12,4,2,2,214,300)
tap(51000,4,1)
flick(51000,8,12,8,4)
hold(51429,1,1,214)
skyarea(51429,3,24,6,5,24,10,1,1,214,304)
flick(51643,9,24,18,4)
hold(51857,1,1,214)
skyarea(51857,3,24,6,5,24,10,1,1,214,307)
flick(52071,9,24,18,4)
hold(52286,1,1,214)
skyarea(52286,3,24,6,5,24,10,1,1,214,310)
flick(52500,9,24,18,4)
hold(52714,1,1,214)
skyarea(52714,3,24,6,5,24,10,1,1,214,313)
flick(52928,9,24,18,4)
flick(53054,16,24,16,16)
tap(53357,2,2)
skyarea(53357,21,24,6,19,24,10,1,1,214,317)
tap(53571,2,2)
flick(53571,15,24,18,16)
tap(53786,2,2)
skyarea(53786,3,24,6,5,24,10,1,1,214,321)
tap(54000,2,2)
flick(54000,9,24,18,4)
tap(54214,2,2)
skyarea(54215,21,24,6,19,24,10,1,1,214,325)
tap(54429,2,2)
flick(54429,15,24,18,16)
tap(54643,2,2)
flick(54643,4,12,8,4)
hold(54857,4,1,339)
skyarea(54857,19,24,10,19,24,2,0,0,214,331)
hold(55196,3,1,304)
skyarea(55196,12,24,10,12,24,2,0,0,215,333)
hold(55500,2,1,214)
skyarea(55500,5,24,10,5,24,2,0,0,214,335)
tap(55714,1,4)
tap(55928,2,2)
flick(55929,4,16,4,4)
tap(56143,2,2)
flick(56143,12,16,4,16)
hold(56571,1,1,339)
skyarea(56571,5,24,10,5,24,2,0,0,214,342)
hold(56910,2,1,304)
skyarea(56910,12,24,10,12,24,2,0,0,215,344)
hold(57214,3,1,214)
skyarea(57214,19,24,10,19,24,2,0,0,214,346)
tap(57428,1,1)
tap(57643,2,2)
flick(57643,12,16,4,16)
tap(57857,2,2)
flick(57857,4,16,4,4)
hold(58286,4,1,214)
skyarea(58286,21,24,6,19,24,10,1,1,214,353)
flick(58500,15,24,18,16)
hold(58714,4,1,215)
skyarea(58714,21,24,6,19,24,10,1,1,214,356)
flick(58928,15,24,18,16)
hold(59143,4,1,214)
skyarea(59143,21,24,6,19,24,10,1,1,214,359)
flick(59357,15,24,18,16)
hold(59571,4,1,215)
skyarea(59571,21,24,6,19,24,10,1,1,214,362)
flick(59785,15,24,18,16)
flick(59910,6,12,4,4)
tap(60214,2,1)
tap(60428,2,1)
skyarea(60428,3,24,6,5,24,10,1,1,214,367)
flick(60642,9,24,18,4)
tap(60643,2,1)
tap(60857,2,1)
skyarea(60857,3,24,6,5,24,10,1,1,214,371)
tap(61071,2,1)
flick(61071,9,24,18,4)
tap(61285,2,1)
skyarea(61285,3,24,6,5,24,10,1,1,214,375)
flick(61499,9,24,18,4)
tap(61500,2,1)
flick(61625,6,12,4,16)
tap(61928,2,3)
tap(62142,2,3)
skyarea(62143,21,24,6,19,24,10,1,1,214,381)
tap(62357,2,3)
flick(62357,15,24,18,16)
tap(62571,2,3)
skyarea(62572,21,24,6,19,24,10,1,1,214,385)
tap(62785,2,3)
flick(62786,15,24,18,16)
tap(62999,2,3)
skyarea(63000,21,24,6,19,24,10,1,1,214,389)
tap(63214,2,3)
flick(63214,15,24,18,16)
tap(63429,2,1)
tap(63554,2,2)
tap(63643,2,1)
tap(63857,2,3)
tap(63982,2,2)
tap(64071,2,3)
tap(64286,3,1)
tap(64411,3,2)
tap(64500,3,1)
tap(64714,3,2)
tap(64839,3,1)
tap(64929,3,2)
skyarea(65143,12,24,24,24,48,2,1,1,3428,404)
skyarea(68571,24,48,2,12,24,24,2,2,3215,404)
skyarea(72000,6,12,12,2,12,4,1,1,429,405)
skyarea(72429,2,12,4,6,12,12,2,2,428,405)
skyarea(72857,6,12,12,10,12,4,1,1,429,405)
skyarea(73286,10,12,4,6,12,12,2,2,428,405)
skyarea(73714,6,12,12,2,12,4,1,1,429,405)
skyarea(74143,2,12,4,6,12,12,2,2,428,405)
skyarea(74571,6,12,12,10,12,4,1,1,429,405)
skyarea(75000,10,12,4,6,12,12,2,2,428,405)
skyarea(75428,6,12,12,2,12,4,1,1,429,405)
skyarea(75857,2,12,4,6,12,12,2,2,428,405)
skyarea(76285,6,12,12,10,12,4,1,1,429,405)
skyarea(76714,10,12,4,6,12,12,2,2,428,405)
tap(72428,2,3)
tap(73285,2,1)
tap(74142,2,3)
tap(74999,2,1)
tap(75856,2,3)
tap(76713,2,1)
tap(77143,4,1)
flick(77143,12,24,24,16)
skyarea(77357,4,24,8,4,24,4,0,0,107,414)
skyarea(77571,12,24,8,12,24,4,0,0,108,415)
skyarea(77786,20,24,8,20,24,4,0,0,107,416)
skyarea(78000,12,24,8,12,24,4,0,0,108,417)
skyarea(78214,4,24,8,4,24,4,0,0,107,418)
skyarea(78428,12,24,8,12,24,4,0,0,108,419)
skyarea(78643,20,24,8,20,24,4,0,0,107,420)
tap(78858,1,1)
tap(79197,1,1)
tap(79411,1,2)
tap(79500,1,3)
tap(79715,1,2)
tap(79840,1,1)
tap(80054,1,1)
tap(80268,1,1)
tap(80358,1,2)
hold(80571,0,1,1625)
flick(80571,3,24,6,16)
flick(80696,6,24,12,4)
flick(81000,3,24,6,16)
flick(81125,6,24,12,4)
flick(81339,12,24,12,16)
flick(81553,21,24,6,4)
flick(81643,18,24,12,16)
flick(81857,12,24,12,4)
flick(82071,3,24,6,16)
flick(82196,6,24,12,4)
hold(82285,5,1,1625)
flick(82286,21,24,6,4)
flick(82411,6,8,4,16)
flick(82625,7,8,2,4)
flick(82714,6,8,4,16)
flick(82929,21,24,6,4)
flick(83054,6,8,4,16)
flick(83268,4,8,4,4)
flick(83482,1,8,2,16)
flick(83571,2,8,4,4)
flick(83786,4,8,4,16)
hold(84000,2,2,1500)
skyarea(84000,20,24,8,21,24,6,0,2,215,453)
skyarea(84215,12,24,24,12,24,24,2,1,53,453)
skyarea(84268,4,24,8,3,24,6,2,0,161,453)
skyarea(84429,12,24,24,12,24,24,1,2,54,453)
skyarea(84483,20,24,8,21,24,6,0,2,161,453)
skyarea(84644,12,24,24,12,24,24,2,1,53,453)
skyarea(84697,4,24,8,3,24,6,2,0,161,453)
skyarea(84858,12,24,24,12,24,24,1,2,54,453)
skyarea(84912,20,24,8,21,24,6,0,2,161,453)
skyarea(85073,12,24,24,12,24,24,2,1,52,453)
skyarea(85125,4,24,8,3,24,6,2,0,161,453)
skyarea(85286,12,24,24,12,24,24,1,2,54,453)
skyarea(85340,20,24,8,21,24,6,0,2,161,453)
skyarea(85501,12,24,24,12,24,24,2,1,53,453)
skyarea(85554,4,24,8,3,24,6,2,0,161,453)
tap(85715,1,4)
flick(85715,12,24,24,4)
tap(86054,1,4)
tap(86268,1,3)
tap(86357,1,2)
tap(86572,1,3)
tap(86697,1,4)
tap(86911,1,4)
tap(87125,1,4)
tap(87215,1,3)
tap(87429,1,1)
tap(87768,1,1)
tap(87982,1,2)
tap(88071,1,3)
tap(88286,1,2)
tap(88411,1,1)
tap(88625,1,1)
tap(88839,1,1)
tap(88929,1,2)
tap(89143,1,0)
flick(89143,6,24,12,16)
tap(89358,1,2)
tap(89483,1,3)
hold(89571,0,1,429)
flick(89572,8,24,16,16)
flick(90000,18,24,12,4)
tap(90001,1,5)
tap(90215,1,3)
tap(90340,1,2)
hold(90429,5,1,428)
flick(90429,16,24,16,4)
flick(90857,6,24,12,16)
tap(90858,1,0)
tap(91071,1,0)
flick(91071,6,24,12,16)
tap(91286,1,5)
flick(91286,18,24,12,4)
tap(91500,1,5)
flick(91500,18,24,12,4)
tap(91715,1,2)
tap(91840,1,3)
tap(91930,1,2)
tap(92055,1,3)
hold(92143,0,1,428)
skyarea(92143,7,8,2,1,8,2,0,0,428,498)
flick(92571,4,8,8,4)
tap(92572,4,1)
skyarea(93644,3,24,6,3,24,6,0,1,26,501)
skyarea(93697,9,24,6,9,24,6,0,1,27,502)
skyarea(93751,15,24,6,15,24,6,0,1,27,503)
skyarea(93804,21,24,6,21,24,6,0,1,27,504)
tap(93858,4,1)
flick(93858,12,24,24,16)
hold(94285,1,1,429)
flick(94285,7,24,12,4)
flick(94410,9,24,8,16)
hold(94714,2,1,339)
flick(94714,7,24,12,4)
flick(94839,9,24,8,16)
flick(95053,8,24,16,4)
skyarea(95053,6,12,4,6,12,4,2,2,304,514)
skyarea(95357,6,12,4,6,12,12,2,2,643,514)
skyarea(96000,6,12,12,10,12,4,1,1,429,514)
skyarea(96429,10,12,4,6,12,12,2,2,428,514)
skyarea(96857,6,12,12,2,12,4,1,1,429,514)
skyarea(97286,2,12,4,6,12,12,2,2,428,514)
skyarea(97714,6,12,12,10,12,4,1,1,429,514)
skyarea(98143,10,12,4,6,12,12,2,2,428,514)
skyarea(98571,6,12,12,2,12,4,1,1,429,514)
skyarea(99000,2,12,4,6,12,12,2,2,428,514)
tap(95357,2,1)
tap(95571,2,2)
tap(95786,2,3)
hold(95911,1,2,303)
tap(96214,2,3)
tap(96429,2,3)
tap(96643,2,1)
hold(96768,3,2,303)
tap(97071,2,1)
tap(97286,2,1)
tap(97500,2,3)
hold(97625,1,2,303)
tap(97929,2,3)
tap(98144,2,3)
tap(98358,2,1)
hold(98483,3,2,303)
tap(98786,2,1)
tap(99000,2,1)
tap(99214,2,1)
tap(99429,1,4)
flick(99429,12,24,24,4)
tap(99644,1,3)
tap(99769,1,2)
tap(99983,1,3)
tap(100072,1,4)
tap(100287,1,1)
tap(100412,1,2)
tap(100626,1,3)
tap(100715,1,2)
tap(100929,1,1)
hold(101143,4,1,429)
flick(101143,17,24,12,16)
flick(101268,15,24,8,4)
hold(101572,3,1,339)
flick(101572,17,24,12,16)
flick(101697,15,24,8,4)
flick(101911,16,24,16,16)
skyarea(101911,6,12,4,6,12,4,2,2,304,552)
skyarea(102215,6,12,4,6,12,12,2,2,643,552)
skyarea(102858,6,12,12,2,12,4,1,1,428,552)
skyarea(103286,2,12,4,6,12,12,2,2,428,552)
skyarea(103714,6,12,12,10,12,4,1,1,429,552)
skyarea(104143,10,12,4,6,12,12,2,2,428,552)
skyarea(104571,6,12,12,2,12,4,1,1,429,552)
skyarea(105000,2,12,4,6,12,12,2,2,428,552)
skyarea(105428,6,12,12,10,12,4,1,1,429,552)
skyarea(105857,10,12,4,6,12,12,2,2,428,552)
tap(102215,2,3)
tap(102429,2,2)
tap(102644,2,1)
hold(102769,3,2,303)
tap(103072,2,1)
tap(103287,2,1)
tap(103501,2,3)
hold(103626,1,2,303)
tap(103929,2,3)
tap(104144,2,3)
tap(104358,2,1)
hold(104483,3,2,303)
tap(104787,2,1)
tap(105002,2,1)
tap(105216,2,3)
hold(105341,1,2,303)
tap(105644,2,3)
tap(105858,2,3)
tap(106072,2,3)
hold(106287,0,1,857)
flick(106287,12,24,24,16)
tap(106715,4,1)
skyarea(106715,19,24,10,19,24,6,0,0,53,575)
skyarea(107143,5,24,10,5,24,6,0,0,54,576)
tap(107144,4,1)
tap(107357,1,4)
tap(107483,1,3)
tap(107572,1,2)
tap(107697,1,4)
tap(107787,1,3)
tap(107912,1,2)
hold(108001,5,1,857)
flick(108001,16,24,16,4)
tap(108429,4,1)
skyarea(108429,5,24,10,5,24,6,0,0,53,587)
skyarea(108857,19,24,10,19,24,6,0,0,54,588)
tap(108858,4,1)
tap(109072,1,1)
tap(109197,1,2)
tap(109287,1,3)
tap(109411,1,1)
tap(109501,1,2)
tap(109626,1,3)
hold(109715,0,1,429)
flick(109715,8,24,16,16)
skyarea(110143,12,24,10,12,24,6,0,0,54,598)
tap(110144,4,1)
tap(110358,1,1)
tap(110483,1,2)
tap(110787,1,1)
tap(111001,1,4)
tap(111215,1,3)
tap(111340,1,4)
hold(111644,5,1,1071)
flick(111644,16,24,16,4)
skyarea(111857,12,24,10,12,24,6,0,0,55,608)
tap(111858,4,1)
skyarea(112286,5,24,10,5,24,6,0,0,54,610)
tap(112287,4,1)
tap(112715,4,1)
skyarea(112715,19,24,10,19,24,6,0,0,53,613)
tap(113144,1,1)
tap(113251,1,2)
tap(113358,1,3)
tap(113465,1,0)
flick(113465,12,24,24,16)
tap(113787,1,4)
tap(113894,1,3)
tap(114001,1,2)
tap(114108,1,5)
flick(114108,12,24,24,4)
tap(114429,1,2)
tap(114537,1,3)
tap(114644,1,2)
tap(114751,1,3)
hold(114858,0,1,429)
flick(114858,8,24,16,16)
skyarea(115286,12,24,10,12,24,6,0,0,54,630)
tap(115287,4,1)
hold(115715,5,1,429)
flick(115715,16,24,16,4)
skyarea(116143,12,24,10,12,24,6,0,0,54,634)
tap(116144,4,1)
tap(116358,2,3)
tap(116483,2,1)
tap(116572,1,0)
flick(116572,10,24,20,16)
tap(116787,1,0)
flick(117000,14,24,20,4)
tap(117001,1,5)
tap(117215,1,5)
tap(117429,1,1)
flick(117429,10,24,20,16)
tap(117644,1,1)
flick(117857,14,24,20,4)
tap(117858,1,4)
tap(118072,1,4)
skyarea(118285,12,24,8,4,24,8,1,1,217,650)
skyarea(118502,4,24,8,12,24,8,2,2,214,650)
skyarea(118716,12,24,8,20,24,8,1,1,215,650)
skyarea(118931,20,24,8,12,24,8,2,2,214,650)
skyarea(119145,12,24,8,4,24,8,1,1,214,650)
skyarea(119359,4,24,8,12,24,8,2,2,212,650)
hold(118287,5,1,1285)
hold(118287,0,1,1285)
flick(119571,8,24,16,16)
tap(119572,4,1)
tap(120001,1,1)
tap(120340,1,1)
tap(120554,1,2)
tap(120643,1,3)
tap(120858,1,2)
tap(120983,1,1)
tap(121197,1,1)
tap(121411,1,1)
tap(121501,1,2)
tap(121715,1,1)
tap(122054,1,3)
tap(122268,1,2)
tap(122358,1,4)
tap(122572,1,1)
tap(122912,1,2)
tap(123126,1,2)
tap(123215,1,3)
tap(123429,1,4)
tap(123768,1,4)
tap(123982,1,3)
tap(124071,1,2)
tap(124286,1,3)
tap(124411,1,4)
tap(124625,1,4)
tap(124839,1,4)
tap(124929,1,3)
skyarea(125143,12,24,8,4,24,8,1,1,429,681)
skyarea(125572,4,24,8,12,24,8,2,2,429,681)
skyarea(126001,12,24,8,20,24,8,1,1,429,681)
skyarea(126430,20,24,8,12,24,8,2,2,428,681)
hold(125144,1,4,857)
tap(126215,1,5)
tap(126429,4,1)
tap(126644,1,0)
hold(126857,2,1,429)
flick(126857,8,24,16,16)
tap(127286,1,3)
tap(127500,1,0)
tap(127572,1,1)
tap(127643,1,2)
hold(127715,3,1,428)
flick(127715,16,24,16,4)
tap(128143,1,2)
tap(128358,1,5)
tap(128429,1,4)
tap(128500,1,3)
hold(128572,2,1,428)
flick(128572,8,24,16,16)
tap(129000,1,3)
tap(129215,1,0)
tap(129429,1,5)
tap(129500,1,4)
tap(129572,1,3)
tap(129643,1,2)
tap(129857,1,0)
tap(129929,1,1)
tap(130000,1,2)
tap(130072,1,3)
tap(130287,1,5)
flick(130287,14,24,20,4)
tap(130501,1,5)
tap(130715,1,0)
flick(130715,10,24,20,16)
tap(130929,1,0)
tap(131144,1,4)
flick(131144,14,24,20,4)
tap(131358,1,4)
tap(131572,1,1)
flick(131572,10,24,20,16)
tap(131787,1,1)
tap(132001,2,3)
tap(132001,1,5)
flick(132001,16,24,16,4)
hold(132215,3,2,214)
hold(132215,5,1,214)
flick(132215,16,24,16,4)
tap(132554,2,1)
tap(132554,1,0)
flick(132554,8,24,16,16)
hold(132768,0,1,214)
hold(132768,1,2,214)
flick(132769,8,24,16,16)
skyarea(133071,12,24,24,19,24,10,0,0,215,734)
skyarea(133286,19,24,10,2,24,4,1,1,321,734)
