chart(140.00,4.00)
flick(1714,12,24,6,4)
flick(2786,21,24,6,16)
flick(2857,15,24,6,16)
flick(2929,9,24,6,16)
flick(3000,3,24,6,16)
tap(3429,1,3)
tap(3768,1,2)
tap(4071,1,1)
tap(4286,1,3)
tap(4626,1,3)
tap(4929,1,3)
tap(5143,1,2)
tap(5482,1,3)
tap(5786,1,4)
tap(6000,1,2)
tap(6339,1,2)
tap(6643,1,2)
tap(6857,1,3)
tap(7196,1,2)
tap(7500,1,1)
tap(7715,1,3)
tap(8055,1,3)
tap(8358,1,3)
tap(8571,1,0)
hold(8571,5,1,858)
skyarea(9429,2,12,4,9,12,4,1,1,428,25)
skyarea(9857,9,12,4,2,12,4,2,2,429,25)
flick(10286,4,12,8,4)
tap(10625,1,4)
tap(10929,1,3)
hold(11143,4,1,339)
tap(11482,1,3)
tap(11786,1,4)
hold(12000,2,1,339)
tap(12339,1,3)
tap(12643,1,2)
flick(12857,5,12,6,16)
flick(12982,7,12,6,4)
flick(13071,5,12,6,16)
flick(13196,7,12,6,4)
flick(13286,5,12,6,16)
flick(13411,7,12,6,4)
flick(13500,5,12,6,16)
flick(13625,7,12,6,4)
flick(13714,5,12,6,16)
tap(14054,1,1)
tap(14357,1,2)
hold(14571,1,1,340)
tap(14911,1,2)
tap(15214,1,1)
tap(15429,1,5)
hold(15643,5,1,214)
tap(15983,1,0)
hold(16196,0,1,215)
hold(17143,4,1,339)
flick(17143,6,24,12,4)
hold(17482,3,1,304)
tap(17786,1,4)
hold(18000,2,1,339)
hold(18339,3,1,304)
tap(18643,1,2)
flick(18857,12,24,14,16)
hold(18858,3,1,339)
hold(19197,2,1,304)
tap(19501,1,3)
hold(19715,1,1,339)
hold(20054,2,1,304)
tap(20358,1,1)
tap(20571,1,5)
flick(20571,16,24,16,4)
tap(21000,1,0)
flick(21000,8,24,16,16)
flick(21428,16,24,16,4)
tap(21429,1,5)
tap(21857,1,0)
flick(21857,8,24,16,16)
tap(22286,1,3)
tap(22500,1,2)
tap(22714,1,3)
tap(22839,1,2)
tap(22929,1,3)
hold(23054,2,1,517)
hold(23143,3,1,428)
flick(23571,6,12,12,4)
skyarea(24000,12,24,24,12,24,24,1,1,54,83)
skyarea(24054,5,24,10,19,24,10,2,2,232,83)
skyarea(24340,19,24,10,5,24,10,1,1,214,84)
skyarea(24554,7,24,14,7,24,14,2,2,36,84)
skyarea(24643,17,24,14,17,24,14,2,2,36,85)
skyarea(24679,19,24,10,5,24,10,2,2,250,85)
skyarea(24982,5,24,10,19,24,10,1,1,250,86)
skyarea(25286,12,24,24,12,24,24,0,0,54,87)
skyarea(25340,5,24,10,5,24,10,0,0,160,87)
skyarea(25500,12,24,24,12,24,24,0,0,54,87)
skyarea(25554,19,24,10,19,24,10,1,1,161,87)
skyarea(25715,12,24,24,12,24,24,0,0,53,87)
skyarea(25768,5,24,10,19,24,10,2,2,232,87)
skyarea(26054,19,24,10,5,24,10,1,1,214,88)
skyarea(26268,7,24,14,7,24,14,2,2,36,88)
skyarea(26357,17,24,14,17,24,14,2,2,36,89)
skyarea(26393,19,24,10,19,24,10,1,1,179,89)
flick(26572,16,24,16,16)
flick(26697,8,24,16,16)
flick(26786,8,24,16,4)
flick(26912,16,24,16,4)
flick(27001,16,24,16,16)
flick(27125,8,24,16,16)
flick(27215,8,24,16,4)
flick(27340,16,24,16,4)
skyarea(27429,19,24,10,5,24,10,1,1,214,98)
skyarea(27643,7,24,14,7,24,14,1,1,36,98)
skyarea(27768,19,24,10,5,24,10,2,2,250,99)
skyarea(28072,5,24,10,19,24,10,1,1,285,100)
skyarea(28411,7,24,14,7,24,14,1,1,36,101)
skyarea(28447,5,24,10,19,24,10,2,2,214,101)
skyarea(28715,12,24,24,12,24,24,0,0,54,102)
skyarea(28769,5,24,10,5,24,10,0,0,160,102)
skyarea(28929,12,24,24,12,24,24,2,2,53,102)
skyarea(28982,19,24,10,19,24,10,1,1,162,102)
skyarea(29144,12,24,24,12,24,24,0,0,52,102)
skyarea(29196,5,24,10,19,24,10,2,2,232,102)
skyarea(29482,19,24,10,5,24,10,1,1,214,103)
skyarea(29696,7,24,14,7,24,14,2,2,36,103)
skyarea(29785,17,24,14,17,24,14,2,2,36,104)
skyarea(29821,19,24,10,19,24,10,1,1,90,104)
flick(29911,16,24,16,16)
flick(30125,16,24,16,4)
flick(30215,16,24,16,16)
flick(30340,8,24,16,16)
flick(30429,8,24,16,4)
flick(30554,16,24,16,4)
flick(30643,16,24,16,16)
flick(30768,8,24,16,16)
skyarea(30857,5,24,10,19,24,10,1,1,286,113)
skyarea(31197,7,24,14,7,24,14,1,1,35,114)
skyarea(31232,5,24,10,19,24,10,2,2,215,114)
skyarea(31500,19,24,10,5,24,10,0,0,286,115)
skyarea(31839,5,24,10,19,24,10,1,1,250,116)
skyarea(32144,12,24,24,12,24,24,0,0,54,117)
skyarea(32198,5,24,10,5,24,10,0,0,160,117)
skyarea(32358,12,24,24,12,24,24,0,0,54,117)
skyarea(32412,19,24,10,19,24,10,0,0,159,117)
skyarea(32571,12,24,24,12,24,24,1,1,54,117)
skyarea(32625,5,24,10,19,24,10,2,2,232,117)
skyarea(32911,19,24,10,5,24,10,1,1,214,118)
skyarea(33125,7,24,14,7,24,14,2,2,36,118)
skyarea(33214,17,24,14,17,24,14,2,2,36,119)
skyarea(33250,19,24,10,19,24,10,1,1,179,119)
flick(33430,16,24,16,16)
flick(33555,8,24,16,16)
flick(33644,8,24,16,4)
flick(33770,16,24,16,4)
flick(33859,16,24,16,16)
flick(33983,8,24,16,16)
flick(34073,8,24,16,4)
flick(34198,16,24,16,4)
skyarea(34286,19,24,10,5,24,10,1,1,286,128)
skyarea(34626,17,24,14,17,24,14,1,1,35,129)
skyarea(34661,19,24,10,5,24,10,2,2,215,129)
skyarea(34929,5,24,10,19,24,10,0,0,286,130)
skyarea(35269,19,24,10,5,24,10,1,1,214,131)
skyarea(35483,7,24,14,7,24,14,1,1,36,131)
skyarea(35572,19,24,10,5,24,10,2,2,214,132)
tap(36000,1,5)
flick(36000,16,24,16,4)
tap(36429,1,0)
flick(36429,8,24,16,16)
hold(36857,5,1,6857)
flick(36857,16,24,16,4)
hold(37286,0,1,6428)
flick(37286,8,24,16,16)
skyarea(37714,12,24,24,12,24,24,1,1,54,141)
skyarea(37768,19,24,10,5,24,10,2,2,232,141)
skyarea(38054,5,24,10,19,24,10,1,1,214,142)
skyarea(38268,17,24,14,17,24,14,2,2,36,142)
skyarea(38357,7,24,14,7,24,14,2,2,36,143)
skyarea(38393,5,24,10,19,24,10,2,2,250,143)
skyarea(38696,19,24,10,5,24,10,1,1,250,144)
skyarea(39000,12,24,24,12,24,24,0,0,54,145)
skyarea(39054,19,24,10,19,24,10,0,0,160,145)
skyarea(39214,12,24,24,12,24,24,0,0,54,145)
skyarea(39268,5,24,10,5,24,10,1,1,161,145)
skyarea(39429,12,24,24,12,24,24,0,0,53,145)
skyarea(39482,19,24,10,5,24,10,2,2,232,145)
skyarea(39768,5,24,10,19,24,10,1,1,214,146)
skyarea(39982,17,24,14,17,24,14,2,2,36,146)
skyarea(40071,7,24,14,7,24,14,2,2,36,147)
skyarea(40107,5,24,10,5,24,10,1,1,179,147)
flick(40286,8,24,16,4)
flick(40411,16,24,16,4)
flick(40500,16,24,16,16)
flick(40626,8,24,16,16)
flick(40715,8,24,16,4)
flick(40839,16,24,16,4)
flick(40929,16,24,16,16)
flick(41054,8,24,16,16)
skyarea(41143,5,24,10,19,24,10,1,1,214,156)
skyarea(41357,17,24,14,17,24,14,1,1,36,156)
skyarea(41482,5,24,10,19,24,10,2,2,250,157)
skyarea(41786,19,24,10,5,24,10,1,1,285,158)
skyarea(42125,17,24,14,17,24,14,1,1,36,159)
skyarea(42161,19,24,10,5,24,10,2,2,214,159)
skyarea(42429,12,24,24,12,24,24,0,0,54,160)
skyarea(42483,19,24,10,19,24,10,0,0,160,160)
skyarea(42643,12,24,24,12,24,24,0,0,54,160)
skyarea(42697,5,24,10,5,24,10,1,1,161,160)
skyarea(42858,12,24,24,12,24,24,0,0,52,160)
skyarea(42910,19,24,10,5,24,10,2,2,232,160)
skyarea(43196,5,24,10,19,24,10,1,1,214,161)
skyarea(43410,17,24,14,17,24,14,2,2,36,161)
skyarea(43499,7,24,14,7,24,14,2,2,36,162)
skyarea(43535,5,24,10,5,24,10,1,1,90,162)
flick(43625,8,24,16,4)
flick(43839,8,24,16,16)
flick(43929,8,24,16,4)
flick(44054,16,24,16,4)
flick(44143,16,24,16,16)
flick(44268,8,24,16,16)
flick(44357,8,24,16,4)
flick(44482,16,24,16,4)
skyarea(44571,19,24,10,5,24,10,1,1,286,171)
skyarea(44911,17,24,14,17,24,14,1,1,35,172)
skyarea(44946,19,24,10,5,24,10,2,2,215,172)
skyarea(45214,5,24,10,19,24,10,0,0,286,173)
skyarea(45554,19,24,10,5,24,10,1,1,214,174)
skyarea(45768,7,24,14,7,24,14,1,1,36,174)
skyarea(45857,19,24,10,19,24,10,1,1,214,175)
flick(46071,16,24,16,16)
skyarea(46286,5,24,10,19,24,10,1,1,285,177)
skyarea(46626,7,24,14,7,24,14,1,1,35,178)
skyarea(46661,5,24,10,19,24,10,2,2,215,178)
skyarea(46929,19,24,10,5,24,10,0,0,286,179)
skyarea(47269,5,24,10,19,24,10,1,1,214,180)
skyarea(47483,17,24,14,17,24,14,1,1,36,180)
skyarea(47571,5,24,10,5,24,10,1,1,215,181)
flick(47786,8,24,16,4)
flick(48000,16,24,16,16)
flick(48214,8,24,16,4)
flick(48339,10,12,4,16)
flick(48554,3,12,6,4)
flick(48643,9,12,6,16)
flick(48857,6,24,12,4)
flick(48982,18,24,12,16)
flick(49196,4,24,8,4)
flick(49286,8,12,8,16)
hold(49714,0,1,857)
skyarea(49714,5,24,10,19,24,10,1,1,340,193)
skyarea(50054,19,24,10,12,24,10,2,2,304,193)
skyarea(50358,12,24,10,5,24,10,1,1,339,193)
skyarea(50697,5,24,10,7,24,10,2,2,89,193)
tap(51000,1,5)
flick(51000,16,24,16,4)
hold(51429,3,1,214)
hold(51429,2,1,214)
skyarea(51429,6,24,12,2,24,4,2,1,125,198)
skyarea(51554,2,24,4,4,24,8,2,2,89,198)
hold(51857,3,1,214)
hold(51857,2,1,214)
skyarea(51858,18,24,12,22,24,4,1,2,125,201)
skyarea(51983,22,24,4,20,24,8,2,2,89,201)
hold(52286,2,1,214)
hold(52286,3,1,214)
skyarea(52286,6,24,12,2,24,4,2,1,125,204)
skyarea(52411,2,24,4,4,24,8,2,2,89,204)
hold(52714,2,1,215)
hold(52714,3,1,215)
skyarea(52715,18,24,12,22,24,4,1,2,125,207)
skyarea(52840,22,24,4,20,24,8,2,2,89,207)
flick(52929,18,24,12,16)
flick(53036,8,24,16,4)
hold(53357,1,1,1286)
flick(53357,12,24,12,16)
flick(53571,12,24,12,16)
flick(53786,12,24,12,16)
flick(54000,12,24,12,16)
flick(54214,12,24,12,16)
flick(54429,12,24,12,16)
flick(54643,12,24,12,4)
tap(54857,1,3)
hold(55196,2,1,304)
tap(55500,1,3)
tap(55714,1,2)
tap(55929,1,5)
tap(56143,1,5)
tap(56357,1,2)
tap(56482,1,3)
tap(56571,1,2)
hold(56911,3,1,303)
tap(57214,1,2)
tap(57429,1,3)
tap(57643,1,0)
hold(57857,0,1,125)
hold(58286,2,1,214)
hold(58286,3,1,214)
skyarea(58286,18,24,12,22,24,4,1,2,125,234)
skyarea(58411,22,24,4,20,24,8,2,2,89,234)
hold(58714,2,1,214)
hold(58714,3,1,214)
skyarea(58715,6,24,12,2,24,4,2,1,125,237)
skyarea(58840,2,24,4,4,24,8,2,2,89,237)
hold(59143,3,1,214)
hold(59143,2,1,214)
skyarea(59143,18,24,12,22,24,4,1,2,125,240)
skyarea(59268,22,24,4,20,24,8,2,2,89,240)
hold(59571,3,1,215)
hold(59571,2,1,215)
skyarea(59572,6,24,12,2,24,4,2,1,125,243)
skyarea(59697,2,24,4,4,24,8,2,2,89,243)
flick(59786,6,24,12,4)
flick(59893,16,24,16,16)
hold(60214,4,1,1286)
flick(60214,12,24,12,4)
flick(60428,12,24,12,4)
flick(60643,12,24,12,4)
flick(60857,12,24,12,4)
flick(61071,12,24,12,4)
skyarea(61287,18,24,12,22,24,4,1,2,125,252)
skyarea(61412,22,24,4,20,24,8,2,2,89,252)
flick(61500,18,24,12,16)
flick(61607,8,24,16,4)
flick(61928,12,24,12,16)
hold(61929,1,1,1285)
flick(62142,12,24,12,16)
flick(62357,12,24,12,16)
flick(62571,12,24,12,16)
flick(62785,12,24,12,16)
skyarea(63001,6,24,12,2,24,4,2,1,125,261)
skyarea(63126,2,24,4,4,24,8,2,2,89,261)
flick(63214,6,24,12,4)
flick(63321,16,24,16,16)
flick(63429,8,24,16,16)
flick(63554,8,24,16,4)
flick(63643,16,24,16,4)
flick(63768,16,24,16,16)
flick(63857,8,24,16,16)
flick(63982,8,24,16,4)
flick(64071,16,24,16,4)
flick(64196,16,24,16,16)
flick(64286,7,24,14,16)
flick(64411,7,24,14,4)
flick(64500,17,24,14,4)
flick(64625,17,24,14,16)
flick(64715,6,24,12,16)
flick(64840,6,24,12,4)
flick(64930,18,24,12,4)
flick(65054,12,24,24,16)
skyarea(65143,6,12,12,6,12,2,1,1,6000,280)
tap(72000,1,1)
flick(72000,10,24,8,16)
tap(72339,1,3)
tap(72642,1,4)
tap(72857,1,2)
tap(73197,1,2)
tap(73500,1,2)
tap(73714,1,4)
flick(73714,14,24,8,4)
tap(74053,1,2)
tap(74357,1,1)
tap(74696,1,3)
tap(74910,1,2)
tap(75124,1,3)
tap(75429,1,1)
flick(75429,10,24,8,16)
tap(75768,1,3)
tap(76071,1,4)
tap(76286,1,2)
tap(76626,1,2)
tap(76929,1,2)
tap(77143,1,5)
tap(77143,1,0)
flick(77143,12,24,16,4)
skyarea(78000,10,12,4,3,12,4,1,1,429,305)
skyarea(78429,3,12,4,10,12,4,2,2,428,305)
flick(78857,8,12,8,16)
tap(79196,1,1)
tap(79500,1,2)
hold(79714,1,1,340)
tap(80054,1,2)
tap(80357,1,1)
tap(80571,1,3)
tap(80911,1,2)
tap(81214,1,3)
flick(81429,7,12,6,4)
flick(81554,5,12,6,16)
flick(81643,7,12,6,4)
flick(81768,5,12,6,16)
flick(81858,7,12,6,4)
flick(81983,5,12,6,16)
flick(82072,7,12,6,4)
flick(82197,5,12,6,16)
flick(82286,7,12,6,4)
tap(82625,1,4)
tap(82929,1,3)
hold(83143,4,1,339)
tap(83482,1,3)
tap(83786,1,4)
skyarea(84000,3,12,6,1,12,2,1,1,107,329)
skyarea(84107,2,24,4,3,24,6,2,2,54,329)
skyarea(84214,9,12,6,11,12,2,1,1,107,330)
skyarea(84321,22,24,4,21,24,6,2,2,54,330)
skyarea(84429,3,12,6,1,12,2,1,1,107,331)
skyarea(84536,2,24,4,3,24,6,2,2,54,331)
skyarea(84643,9,12,6,11,12,2,1,1,107,332)
skyarea(84750,22,24,4,21,24,6,2,2,54,332)
skyarea(84857,3,12,6,1,12,2,1,1,107,333)
skyarea(84964,2,24,4,3,24,6,2,2,54,333)
skyarea(85071,9,12,6,11,12,2,1,1,107,334)
skyarea(85178,22,24,4,21,24,6,2,2,54,334)
skyarea(85286,3,12,6,1,12,2,1,1,107,335)
skyarea(85393,2,24,4,3,24,6,2,2,54,335)
skyarea(85500,9,12,6,11,12,2,1,1,107,336)
skyarea(85607,22,24,4,21,24,6,2,2,54,336)
hold(85714,1,1,339)
flick(85714,18,24,12,16)
hold(86053,2,1,304)
tap(86357,1,1)
hold(86571,3,1,339)
hold(86910,2,1,304)
tap(87214,1,3)
hold(87429,2,1,339)
flick(87429,12,24,14,4)
hold(87768,3,1,304)
tap(88072,1,2)
hold(88286,4,1,339)
hold(88625,3,1,304)
tap(88929,1,4)
tap(89143,1,0)
flick(89143,8,24,16,16)
tap(89571,1,5)
flick(89571,16,24,16,4)
tap(90000,1,0)
flick(90000,8,24,16,16)
tap(90429,1,5)
flick(90429,16,24,16,4)
tap(90857,1,2)
tap(91071,1,3)
tap(91286,1,2)
tap(91500,1,3)
tap(91714,1,2)
tap(91839,1,3)
tap(91929,1,2)
hold(92054,3,1,517)
hold(92143,2,1,428)
flick(92571,6,12,12,16)
flick(93643,3,24,6,4)
flick(93714,9,24,6,4)
flick(93786,15,24,6,4)
flick(93857,21,24,6,4)
hold(94286,1,1,857)
flick(94286,7,12,6,16)
flick(94411,9,12,6,4)
flick(94500,7,12,6,16)
flick(94714,9,12,6,4)
flick(94839,7,12,6,16)
flick(95054,9,12,6,4)
tap(95358,1,3)
tap(95572,1,2)
tap(95786,1,4)
hold(95912,3,1,303)
tap(96214,1,4)
tap(96429,1,4)
tap(96643,1,2)
hold(96769,3,1,303)
tap(97071,1,2)
tap(97286,1,2)
tap(97500,1,4)
hold(97626,3,1,304)
tap(97929,1,4)
tap(98143,1,4)
tap(98357,1,2)
tap(98482,1,3)
tap(98786,1,4)
tap(99000,1,2)
flick(99000,6,12,6,16)
tap(99214,1,3)
skyarea(99429,14,24,8,20,24,8,1,1,285,400)
skyarea(99768,10,24,8,4,24,8,0,0,250,401)
skyarea(100071,14,24,8,20,24,8,0,0,286,402)
skyarea(100411,10,24,8,4,24,8,1,1,250,403)
flick(100714,8,24,16,4)
flick(100929,10,24,12,16)
hold(101143,4,1,857)
flick(101143,5,12,6,4)
flick(101268,3,12,6,16)
flick(101357,5,12,6,4)
flick(101571,3,12,6,16)
flick(101696,5,12,6,4)
flick(101911,3,12,6,16)
tap(102215,1,2)
tap(102429,1,3)
tap(102643,1,1)
hold(102769,2,1,303)
tap(103071,1,1)
tap(103286,1,1)
tap(103500,1,3)
hold(103626,2,1,303)
tap(103929,1,3)
tap(104143,1,3)
tap(104357,1,1)
hold(104483,2,1,304)
tap(104786,1,1)
tap(105000,1,1)
tap(105214,1,3)
tap(105339,1,2)
tap(105644,1,1)
tap(105857,1,3)
flick(105857,6,12,6,4)
tap(106071,1,2)
hold(106286,4,1,857)
skyarea(106286,10,12,4,3,12,4,1,1,428,434)
skyarea(106714,3,12,4,10,12,4,2,2,429,434)
tap(107357,1,3)
tap(107571,1,2)
tap(107786,1,3)
hold(107911,1,1,1071)
skyarea(107911,20,24,8,8,24,8,1,1,303,439)
skyarea(108214,8,24,8,12,24,8,2,2,215,439)
skyarea(108429,12,24,8,16,24,8,1,1,214,439)
skyarea(108643,16,24,8,4,24,8,2,2,339,439)
tap(109071,1,2)
tap(109286,1,3)
tap(109500,1,2)
hold(109625,4,1,857)
skyarea(109625,2,12,4,9,12,4,1,1,428,444)
skyarea(110053,9,12,4,2,12,4,2,2,429,444)
tap(110786,1,3)
tap(111000,1,2)
tap(111214,1,3)
hold(111339,1,1,1375)
skyarea(111643,4,24,8,16,24,8,1,1,303,449)
skyarea(111946,16,24,8,12,24,8,2,2,215,449)
skyarea(112161,12,24,8,8,24,8,1,1,214,449)
skyarea(112375,8,24,8,20,24,8,2,2,339,449)
flick(113143,8,12,8,16)
flick(113357,8,24,16,4)
flick(113482,10,12,4,16)
flick(113697,3,12,6,4)
flick(113786,9,12,6,16)
flick(114000,6,24,12,4)
flick(114125,18,24,12,16)
flick(114339,4,24,8,4)
flick(114429,8,12,8,16)
flick(114643,4,12,8,4)
hold(114857,2,1,1286)
hold(114857,3,1,1286)
skyarea(114857,10,12,4,3,12,4,1,1,429,462)
skyarea(115286,3,12,4,6,12,4,2,2,214,462)
skyarea(115500,6,12,4,9,12,4,1,1,214,462)
skyarea(115714,9,12,4,2,12,4,2,2,429,462)
tap(116571,1,5)
flick(116571,16,24,16,4)
tap(117000,1,0)
flick(117000,8,24,16,16)
tap(117429,1,5)
flick(117429,16,24,16,4)
tap(117857,1,0)
flick(117857,8,24,16,16)
hold(118286,5,1,857)
skyarea(118286,19,24,10,5,24,10,1,1,339,472)
skyarea(118625,5,24,10,12,24,10,2,2,304,472)
skyarea(118929,12,24,10,19,24,10,1,1,339,472)
skyarea(119268,19,24,10,17,24,10,2,2,89,472)
tap(119571,1,0)
flick(119571,8,24,16,16)
tap(120000,1,2)
tap(120339,1,3)
tap(120642,1,4)
tap(120857,1,2)
tap(121197,1,2)
tap(121500,1,2)
tap(121714,1,3)
tap(122053,1,2)
tap(122357,1,1)
tap(122571,1,3)
tap(122910,1,3)
tap(123214,1,3)
tap(123428,1,2)
tap(123767,1,3)
tap(124071,1,4)
tap(124286,1,2)
tap(124626,1,2)
tap(124929,1,2)
tap(125142,1,5)
hold(125142,0,1,858)
hold(126214,4,1,215)
hold(126429,2,1,214)
hold(126643,3,1,214)
hold(126857,1,1,643)
flick(127286,12,24,12,4)
tap(127625,1,3)
hold(127714,2,1,429)
flick(128143,18,24,12,16)
tap(128357,1,3)
tap(128429,1,2)
hold(128500,1,1,714)
flick(129000,12,24,12,4)
tap(129429,1,4)
tap(129500,1,3)
tap(129571,1,2)
flick(129643,20,24,8,16)
flick(129714,14,24,8,16)
flick(129786,8,24,8,16)
tap(129857,1,1)
tap(129929,1,2)
tap(130000,1,3)
flick(130071,4,24,8,4)
flick(130143,10,24,8,4)
flick(130214,16,24,8,4)
tap(130286,1,5)
tap(130714,1,0)
flick(130714,8,24,16,16)
tap(131143,1,5)
flick(131143,16,24,16,4)
tap(131571,1,0)
flick(131571,8,24,16,16)
tap(132001,1,5)
hold(132215,5,1,214)
tap(132555,1,0)
hold(132768,0,1,215)
skyarea(133071,18,24,12,20,24,8,1,1,215,530)
skyarea(133286,10,12,4,2,12,4,2,2,214,530)
