chart(140.00,4.00)
lane(0,4,0)
skyarea(2786,12,24,16,12,24,16,1,0,71,0)
skyarea(3000,6,12,6,6,12,6,0,2,71,1)
tap(3429,1,1)
tap(3768,1,1)
tap(4071,1,1)
hold(4286,1,1,643)
tap(5143,1,2)
tap(5482,1,2)
tap(5786,1,2)
tap(6000,1,2)
tap(6857,1,3)
tap(7196,1,3)
tap(7500,1,3)
hold(7714,3,1,643)
tap(8571,1,2)
tap(8910,1,2)
tap(9214,1,2)
tap(9429,1,2)
skyarea(10286,3,16,6,11,16,6,2,2,339,18)
skyarea(10625,11,16,6,5,16,6,0,0,518,18)
skyarea(11143,5,16,6,13,16,6,1,1,339,18)
skyarea(12000,13,16,6,5,16,6,2,2,339,19)
skyarea(12339,5,16,6,11,16,6,0,0,518,19)
skyarea(12857,11,16,6,3,16,6,1,1,339,19)
skyarea(13715,3,16,6,11,16,6,2,2,339,20)
skyarea(14054,11,16,6,5,16,6,0,0,518,20)
skyarea(14572,5,16,6,13,16,6,1,1,339,20)
tap(15429,1,5)
hold(15643,5,1,214)
tap(15982,1,5)
tap(16196,1,5)
lane(16714,1,0)
lane(16714,4,1)
tap(17143,1,4)
hold(17482,4,1,304)
tap(18000,1,3)
hold(18339,3,1,304)
tap(18857,1,4)
hold(19196,4,1,304)
tap(19714,1,2)
hold(20051,2,1,306)
tap(20571,1,3)
tap(21000,1,3)
tap(21429,1,3)
flick(22286,6,16,8,16)
flick(22715,10,16,8,4)
flick(23143,8,16,16,16)
flick(23571,6,12,12,4)
skyarea(24000,13,16,6,5,16,6,0,0,340,40)
skyarea(24340,5,16,6,13,16,6,1,1,303,40)
skyarea(24982,3,16,6,11,16,6,0,0,304,41)
skyarea(25286,11,16,6,3,16,6,1,1,214,41)
skyarea(25715,13,16,6,5,16,6,2,2,339,42)
skyarea(26054,5,16,6,13,16,6,0,0,303,42)
skyarea(26696,5,16,6,13,16,6,1,1,304,43)
flick(27000,9,16,14,16)
skyarea(27429,3,16,6,11,16,6,0,0,340,45)
skyarea(27769,11,16,6,3,16,6,1,1,303,45)
skyarea(28411,13,16,6,5,16,6,0,0,304,46)
skyarea(28715,5,16,6,13,16,6,1,1,214,46)
skyarea(29143,3,16,6,11,16,6,2,2,339,47)
skyarea(29482,11,16,6,3,16,6,0,0,303,47)
skyarea(30125,11,16,6,3,16,6,1,1,304,48)
flick(30429,7,16,14,4)
skyarea(30857,13,16,6,5,16,6,0,0,340,50)
skyarea(31197,5,16,6,13,16,6,1,1,303,50)
skyarea(31839,3,16,6,11,16,6,0,0,304,51)
skyarea(32143,11,16,6,3,16,6,1,1,214,51)
skyarea(32572,13,16,6,5,16,6,2,2,339,52)
skyarea(32911,5,16,6,13,16,6,0,0,303,52)
skyarea(33553,5,16,6,13,16,6,1,1,304,53)
flick(33857,9,16,14,16)
skyarea(34286,3,16,6,11,16,6,0,0,340,55)
skyarea(34626,11,16,6,3,16,6,1,1,303,55)
skyarea(35268,13,16,6,5,16,6,0,0,304,56)
skyarea(35572,5,16,6,13,16,6,1,1,214,56)
flick(36000,12,16,8,16)
flick(36429,4,16,8,4)
flick(36857,12,16,8,16)
flick(37286,4,16,8,4)
skyarea(37715,13,16,6,5,16,6,0,0,340,61)
skyarea(38055,5,16,6,13,16,6,1,1,303,61)
flick(38357,9,16,14,16)
skyarea(38697,3,16,6,11,16,6,0,0,304,63)
skyarea(39001,11,16,6,3,16,6,1,1,214,63)
skyarea(39429,13,16,6,5,16,6,2,2,339,64)
skyarea(39768,5,16,6,13,16,6,0,0,303,64)
flick(40072,9,16,14,16)
skyarea(40411,5,16,6,13,16,6,2,2,304,66)
flick(40715,9,16,14,16)
skyarea(41143,3,16,6,11,16,6,0,0,340,68)
skyarea(41483,11,16,6,3,16,6,1,1,303,68)
flick(41786,7,16,14,4)
skyarea(42125,13,16,6,5,16,6,0,0,304,70)
skyarea(42429,5,16,6,13,16,6,1,1,214,70)
skyarea(42857,3,16,6,11,16,6,2,2,339,71)
skyarea(43196,11,16,6,3,16,6,0,0,303,71)
flick(43500,7,16,14,4)
skyarea(43840,11,16,6,3,16,6,2,2,303,73)
flick(44143,7,16,14,4)
skyarea(44571,13,16,6,7,16,6,1,1,340,75)
flick(44911,8,16,8,4)
skyarea(45214,9,16,6,3,16,6,0,0,340,77)
flick(45554,4,16,8,4)
flick(45857,8,16,16,16)
skyarea(46285,3,16,6,9,16,6,1,1,340,80)
flick(46625,8,16,8,16)
skyarea(46928,7,16,6,13,16,6,0,0,340,82)
flick(47268,12,16,8,16)
flick(47572,8,16,16,4)
tap(48000,1,5)
tap(48339,1,5)
tap(48643,1,5)
tap(48982,1,5)
hold(49286,5,1,214)
tap(49714,1,5)
lane(50571,4,0)
lane(50571,1,1)
hold(51429,1,1,1285)
flick(51857,8,16,8,16)
flick(52286,8,16,8,16)
flick(52714,8,16,8,16)
skyarea(53054,8,16,6,5,16,6,1,1,89,95)
skyarea(53143,5,16,6,5,16,6,1,1,214,95)
flick(53357,4,16,8,16)
flick(53572,3,12,6,4)
flick(54000,9,12,6,4)
flick(54429,9,12,6,16)
flick(54857,4,16,8,16)
skyarea(55196,3,16,6,9,16,6,1,1,90,101)
skyarea(55286,9,16,6,9,16,6,1,1,428,101)
flick(55714,6,16,12,16)
flick(56572,9,12,6,4)
skyarea(56910,13,16,6,7,16,6,1,1,90,104)
skyarea(57000,7,16,6,7,16,6,1,1,428,104)
flick(57429,10,16,12,4)
lane(57429,4,1)
lane(57429,1,0)
hold(58286,4,1,1285)
flick(58715,8,16,8,4)
flick(59144,8,16,8,4)
flick(59572,8,16,8,4)
skyarea(59911,8,16,6,11,16,6,1,1,89,110)
skyarea(60000,11,16,6,11,16,6,1,1,214,110)
flick(60214,12,16,8,4)
flick(60429,12,16,8,16)
flick(60857,4,16,8,16)
flick(61286,4,16,8,4)
skyarea(61625,8,16,6,5,16,6,1,1,89,115)
skyarea(61714,5,16,6,5,16,6,1,1,214,115)
flick(61928,4,16,8,16)
flick(62143,4,16,8,4)
flick(62571,12,16,8,4)
flick(63000,12,16,8,16)
skyarea(63340,8,16,6,11,16,6,1,1,89,120)
skyarea(63429,11,16,6,11,16,6,1,1,214,120)
flick(63643,12,16,8,4)
flick(63858,12,16,8,16)
flick(64286,4,16,8,16)
flick(64715,4,16,8,4)
skyarea(65143,8,16,16,3,16,6,1,1,857,125)
skyarea(66000,3,16,6,8,16,6,2,2,1714,125)
skyarea(67714,8,16,6,13,16,6,1,1,1715,125)
skyarea(69429,13,16,6,8,16,6,2,2,1714,125)
tap(72000,1,4)
tap(72339,1,4)
tap(72642,1,4)
hold(72857,4,1,643)
tap(73714,1,3)
tap(74053,1,3)
tap(74357,1,3)
tap(74571,1,3)
tap(75428,1,2)
tap(75767,1,2)
tap(76071,1,2)
hold(76286,2,1,643)
tap(77142,1,3)
tap(77481,1,3)
tap(77785,1,3)
tap(78000,1,3)
skyarea(78857,13,16,6,5,16,6,2,2,339,142)
skyarea(79196,5,16,6,11,16,6,0,0,518,142)
skyarea(79714,11,16,6,3,16,6,1,1,339,142)
skyarea(80571,4,12,4,4,12,4,2,1,108,143)
skyarea(81000,8,12,4,8,12,4,2,1,107,144)
skyarea(81339,4,12,4,4,12,4,2,1,90,145)
skyarea(81857,8,12,4,8,12,4,1,2,107,146)
flick(82286,6,12,4,16)
flick(82625,6,12,4,4)
flick(82929,6,12,4,16)
flick(83572,6,12,4,4)
skyarea(84000,5,12,4,4,12,6,1,1,143,151)
skyarea(84214,7,12,4,8,12,6,1,1,143,152)
skyarea(84429,5,12,4,4,12,6,1,1,143,153)
skyarea(84643,7,12,4,8,12,6,1,1,143,154)
skyarea(84857,6,12,4,6,12,12,1,1,429,155)
lane(85286,4,0)
lane(85286,1,1)
tap(85715,1,1)
hold(86054,1,1,304)
tap(86572,1,2)
hold(86911,2,1,304)
tap(87429,1,1)
hold(87768,1,1,304)
tap(88286,1,3)
hold(88626,3,1,303)
tap(89143,1,2)
tap(89571,1,2)
tap(90000,1,2)
flick(90857,10,16,8,4)
flick(91071,6,16,8,16)
flick(91285,10,16,8,4)
flick(91500,6,16,8,16)
flick(91715,6,12,12,4)
flick(92571,6,12,12,16)
lane(92571,1,0)
lane(92571,4,1)
skyarea(93643,12,24,16,12,24,16,1,0,71,173)
skyarea(93857,6,12,6,6,12,6,0,2,72,174)
tap(94286,1,4)
tap(94714,1,4)
tap(95357,1,3)
tap(95571,1,3)
hold(95911,3,1,857)
flick(96429,8,16,8,16)
tap(97071,1,2)
tap(97285,1,2)
hold(97625,2,1,643)
flick(98143,8,16,8,4)
tap(98786,1,3)
tap(99000,1,3)
flick(99429,4,16,8,16)
lane(99429,1,1)
lane(99429,4,0)
flick(100286,12,16,8,4)
tap(101143,1,1)
tap(101571,1,1)
tap(102214,1,2)
tap(102428,1,2)
hold(102768,2,1,857)
flick(103286,8,16,8,16)
tap(103928,1,3)
tap(104142,1,3)
hold(104482,3,1,643)
flick(105000,8,16,8,4)
tap(105643,1,2)
tap(105857,1,2)
skyarea(106286,13,16,6,8,16,6,2,2,214,201)
skyarea(106500,8,16,6,3,16,6,1,1,215,201)
skyarea(106715,3,16,6,8,16,6,2,2,214,201)
skyarea(106929,8,16,6,13,16,6,1,1,214,201)
skyarea(107357,13,16,6,6,16,6,2,2,214,202)
skyarea(107571,6,16,6,10,16,6,0,0,215,202)
skyarea(107786,10,16,6,3,16,6,1,1,214,202)
skyarea(108000,3,16,6,8,16,6,2,2,214,202)
skyarea(108214,8,16,6,13,16,6,1,1,215,202)
skyarea(108429,13,16,6,9,16,6,2,2,428,202)
skyarea(109071,3,16,6,10,16,6,2,2,214,203)
skyarea(109285,10,16,6,6,16,6,0,0,215,203)
skyarea(109500,6,16,6,13,16,6,1,1,214,203)
skyarea(109714,13,16,6,8,16,6,2,2,214,203)
skyarea(109928,8,16,6,3,16,6,1,1,215,203)
skyarea(110143,3,16,6,7,16,6,2,2,428,203)
flick(110571,8,16,8,4)
flick(110786,4,16,8,16)
flick(111000,12,16,8,4)
skyarea(111429,8,16,16,8,16,6,2,2,214,207)
skyarea(111643,8,16,6,3,16,6,1,1,214,207)
skyarea(111857,3,16,6,8,16,6,2,2,214,207)
skyarea(112071,8,16,6,13,16,6,1,1,215,207)
skyarea(112286,13,16,6,8,16,6,2,2,214,207)
skyarea(112500,8,16,6,3,16,6,1,1,214,207)
tap(113143,1,0)
tap(113482,1,0)
tap(113786,1,0)
tap(114125,1,0)
tap(114429,1,0)
skyarea(114857,3,16,6,8,16,6,2,2,339,213)
skyarea(115196,8,16,6,13,16,6,1,1,304,213)
skyarea(115500,13,16,6,8,16,6,2,2,339,213)
skyarea(115839,8,16,6,3,16,6,1,1,304,213)
flick(116571,4,16,8,4)
flick(117000,12,16,8,16)
flick(117429,4,16,8,4)
flick(117857,12,16,8,16)
flick(118286,8,16,16,4)
flick(119571,6,12,4,16)
tap(120000,1,1)
tap(120337,1,1)
tap(120643,1,2)
hold(120857,2,1,429)
tap(121714,1,3)
tap(122054,1,3)
tap(122357,1,2)
tap(122571,1,2)
lane(123000,1,0)
lane(123000,4,1)
tap(123429,1,4)
tap(123766,1,4)
tap(124071,1,3)
hold(124286,3,1,428)
tap(125143,1,2)
tap(125480,1,2)
tap(125786,1,3)
tap(126000,1,3)
skyarea(126857,3,16,6,13,16,6,0,0,643,236)
skyarea(127714,13,16,6,3,16,6,0,0,643,237)
skyarea(128571,3,16,6,13,16,6,0,0,643,238)
flick(129429,13,16,6,16)
flick(129643,8,16,6,16)
flick(129858,3,16,6,4)
flick(130072,8,16,6,4)
flick(130286,4,16,8,16)
flick(130714,18,24,12,4)
flick(131143,6,24,12,16)
flick(131571,18,24,12,4)
tap(132001,1,5)
hold(132214,5,1,215)
tap(132554,1,5)
tap(132768,1,5)
skyarea(133286,8,16,6,8,16,16,2,2,214,251)
