chart(145.00,4.00)
lane(0,4,0)
lane(0,0,0)
hold(1655,1,1,1242)
hold(3310,1,1,1242)
tap(5379,1,2)
tap(5793,1,2)
tap(6533,1,3)
tap(7360,1,3)
hold(8276,2,1,1241)
hold(9931,2,1,1241)
tap(12000,1,1)
tap(12414,1,1)
tap(13034,1,5)
tap(13360,1,5)
tap(13655,1,5)
skyarea(14897,11,16,6,3,16,6,2,2,620,13)
skyarea(15517,3,16,6,11,16,6,1,1,621,13)
skyarea(16552,5,16,6,13,16,6,2,2,620,14)
skyarea(17172,13,16,6,5,16,6,1,1,621,14)
skyarea(18207,11,16,6,3,16,6,2,2,620,15)
skyarea(18827,3,16,6,11,16,6,1,1,621,15)
skyarea(19862,5,16,6,13,16,6,2,2,620,16)
skyarea(20482,13,16,6,5,16,6,1,1,621,16)
skyarea(21517,6,12,4,6,12,4,0,2,414,17)
flick(21931,5,12,6,16)
flick(22759,5,12,6,16)
flick(23586,7,12,6,4)
flick(24414,7,12,6,4)
skyarea(24828,13,16,6,3,16,6,1,1,1153,22)
skyarea(25981,3,16,6,13,16,6,2,2,1122,22)
flick(27103,8,16,16,16)
flick(27517,8,16,16,4)
flick(27931,8,16,16,16)
flick(28345,8,16,16,4)
skyarea(28966,13,16,6,6,16,6,0,0,413,27)
skyarea(29379,6,16,6,13,16,6,0,0,414,27)
skyarea(29793,13,16,6,6,16,6,0,0,414,27)
skyarea(30207,6,16,6,13,16,6,0,0,414,27)
flick(30621,9,16,14,16)
skyarea(32276,3,16,6,10,16,6,1,1,414,29)
skyarea(32690,10,16,6,3,16,6,2,2,413,29)
skyarea(33103,3,16,6,10,16,6,1,1,414,29)
skyarea(33517,10,16,6,3,16,6,2,2,414,29)
flick(33931,7,16,14,4)
skyarea(35586,13,16,6,6,16,6,2,2,414,31)
skyarea(36000,6,16,6,13,16,6,1,1,414,31)
skyarea(36414,13,16,6,6,16,6,2,2,414,31)
skyarea(36828,6,16,6,13,16,6,1,1,413,31)
flick(37241,9,16,14,16)
tap(38483,1,1)
tap(38897,1,1)
hold(39310,3,1,414)
tap(40138,1,3)
hold(40552,2,1,827)
skyarea(42207,3,16,6,10,16,6,2,2,414,38)
skyarea(42621,10,16,6,3,16,6,1,1,414,38)
skyarea(43035,3,16,6,10,16,6,2,2,414,38)
skyarea(43449,10,16,6,3,16,6,1,1,413,38)
flick(43862,7,16,14,4)
skyarea(45517,13,16,6,6,16,6,1,1,414,40)
skyarea(45931,6,16,6,13,16,6,2,2,413,40)
skyarea(46344,13,16,6,6,16,6,1,1,414,40)
skyarea(46758,6,16,6,13,16,6,2,2,414,40)
flick(47172,9,16,14,16)
skyarea(48828,3,16,6,10,16,6,0,0,413,42)
skyarea(49241,10,16,6,3,16,6,0,0,414,42)
skyarea(49655,3,16,6,10,16,6,0,0,414,42)
skyarea(50069,10,16,6,3,16,6,0,0,414,42)
flick(50483,7,16,14,4)
tap(51724,1,3)
tap(52138,1,3)
hold(52552,1,1,414)
tap(53379,1,1)
hold(53793,2,1,828)
flick(56069,3,16,6,16)
flick(57931,8,16,6,4)
flick(59379,8,16,6,16)
flick(61241,13,16,6,4)
tap(61655,1,1)
tap(62069,1,1)
hold(62690,2,1,1034)
tap(64138,1,2)
tap(64552,1,3)
tap(64878,1,3)
tap(65172,1,3)
hold(66207,5,1,1241)
tap(67862,1,5)
tap(68069,1,5)
tap(68276,1,5)
tap(68483,1,5)
tap(69517,1,3)
tap(70257,1,3)
tap(71172,1,2)
tap(71912,1,2)
tap(72414,1,2)
hold(73241,1,1,828)
tap(74395,1,1)
tap(74897,1,2)
tap(75222,1,2)
tap(76138,1,1)
tap(76878,1,1)
tap(77793,1,2)
tap(78533,1,2)
tap(79034,1,2)
hold(79862,3,1,828)
tap(81222,1,5)
tap(81517,1,5)
tap(81843,1,5)
skyarea(82759,3,16,6,13,16,6,1,1,1153,83)
skyarea(83912,13,16,6,3,16,6,2,2,1122,83)
flick(85034,8,16,16,4)
flick(85448,6,12,10,16)
flick(85862,6,12,8,4)
flick(86276,6,12,6,16)
skyarea(86483,3,14,6,11,14,6,1,1,414,88)
flick(86897,6,12,12,16)
skyarea(87724,11,14,6,3,14,6,1,1,828,90)
flick(88552,7,14,14,4)
skyarea(89379,7,14,6,7,14,6,1,0,207,92)
skyarea(89793,11,14,6,3,14,6,1,1,414,93)
flick(90207,6,12,12,4)
skyarea(91034,3,14,6,11,14,6,1,1,828,95)
flick(91862,7,14,14,16)
skyarea(92690,7,14,6,7,14,6,1,0,207,97)
skyarea(93103,3,14,6,11,14,6,1,1,414,98)
flick(93517,6,12,12,16)
skyarea(94344,11,14,6,3,14,6,1,1,828,100)
flick(95172,7,14,14,4)
hold(96000,5,1,1241)
tap(97655,1,5)
tap(97862,1,5)
tap(98069,1,5)
tap(98276,1,5)
skyarea(99310,6,12,12,6,12,4,0,0,2069,107)
flick(101379,12,24,8,16)
flick(101586,12,24,8,4)
flick(101793,5,12,10,16)
flick(102207,7,12,10,4)
flick(102621,3,12,6,16)
flick(103360,9,12,6,4)
flick(104188,3,12,6,16)
flick(105016,9,12,6,4)
hold(105931,3,1,414)
tap(106671,1,3)
tap(107586,1,2)
hold(108326,2,1,502)
tap(108828,1,1)
hold(109655,1,1,828)
tap(110690,1,1)
tap(111310,1,2)
tap(111724,1,2)
tap(112138,1,2)
skyarea(112966,11,14,6,3,14,6,1,1,414,126)
skyarea(113380,3,14,6,10,14,8,2,2,413,126)
skyarea(114207,3,14,6,11,14,6,1,1,828,127)
skyarea(115035,11,14,6,4,14,8,2,2,413,127)
skyarea(115862,7,14,6,7,14,6,0,1,207,128)
skyarea(116276,3,14,6,11,14,6,1,1,414,129)
skyarea(116690,11,14,6,4,14,8,2,2,413,129)
skyarea(117517,11,14,6,3,14,6,1,1,828,130)
skyarea(118345,3,14,6,10,14,8,2,2,414,130)
skyarea(119173,7,14,6,7,14,6,0,1,207,131)
skyarea(119586,11,14,6,3,14,6,1,1,414,132)
skyarea(120000,3,14,6,10,14,8,2,2,414,132)
skyarea(120827,3,14,6,11,14,6,1,1,828,133)
skyarea(121655,11,14,6,4,14,8,2,2,414,133)
skyarea(122483,7,14,6,7,14,6,0,0,414,134)
skyarea(122897,7,14,6,7,14,14,0,0,413,134)
tap(124257,1,5)
tap(124552,1,5)
tap(124878,1,5)
skyarea(125793,4,16,6,4,16,6,0,0,207,138)
skyarea(126621,12,16,6,12,16,6,0,0,207,139)
flick(127655,7,16,8,16)
flick(128069,8,16,10,4)
flick(128483,7,16,8,16)
skyarea(129103,12,16,6,12,16,6,0,0,207,143)
skyarea(129931,4,16,6,4,16,6,0,0,207,144)
flick(130966,9,16,8,4)
flick(131380,8,16,10,16)
flick(131794,9,16,8,4)
skyarea(132207,6,12,12,6,12,12,0,0,827,148)
flick(133034,6,12,12,16)
skyarea(133862,3,16,6,11,16,6,1,1,533,150)
skyarea(134395,11,16,6,3,16,6,2,2,502,150)
flick(134897,6,16,12,4)
skyarea(135724,13,16,6,5,16,6,1,1,414,152)
skyarea(136138,5,16,6,13,16,6,2,2,414,152)
flick(136552,10,16,12,16)
flick(138000,8,16,16,4)
flick(138414,8,16,16,16)
skyarea(138828,8,16,16,8,16,16,2,2,413,156)
flick(139241,8,16,16,16)
