chart(145.00,4.00)
skyarea(828,6,12,4,6,12,8,0,0,206,0)
skyarea(1034,6,12,8,6,12,4,0,0,207,0)
tap(1655,1,1)
hold(2069,1,1,326)
tap(2395,1,2)
hold(2602,3,1,295)
tap(2897,1,2)
tap(3310,1,4)
hold(3724,4,1,326)
tap(4050,1,3)
hold(4257,2,1,295)
tap(4552,1,3)
skyarea(5379,6,12,4,10,12,4,0,0,207,11)
skyarea(5586,10,12,4,6,12,4,0,0,207,11)
flick(5793,8,12,8,4)
skyarea(6207,6,12,4,2,12,4,0,0,207,13)
skyarea(6414,2,12,4,4,12,4,0,0,119,13)
flick(6533,3,12,6,16)
skyarea(6828,6,12,4,10,12,4,0,0,207,15)
skyarea(7035,10,12,4,8,12,4,0,0,118,15)
flick(7154,9,12,6,4)
flick(7345,4,12,6,16)
flick(7655,8,12,6,4)
tap(8276,1,4)
tap(8483,1,4)
hold(8690,4,1,326)
tap(9016,1,3)
hold(9223,2,1,295)
tap(9518,1,3)
tap(9724,1,4)
tap(9931,1,1)
tap(10138,1,1)
hold(10345,1,1,326)
tap(10671,1,2)
hold(10878,3,1,295)
tap(11173,1,2)
tap(11379,1,1)
skyarea(12000,6,12,4,2,12,4,0,0,207,33)
skyarea(12207,2,12,4,6,12,4,0,0,207,33)
flick(12414,4,12,8,16)
flick(12828,8,12,8,4)
tap(13034,1,0)
flick(13034,4,12,6,16)
tap(13360,1,5)
flick(13360,8,12,6,4)
tap(13655,1,0)
flick(13655,3,12,6,16)
tap(13981,1,5)
flick(13981,9,12,6,4)
hold(14897,2,1,2482)
flick(14897,6,12,4,16)
skyarea(16138,9,12,6,10,12,4,1,0,207,46)
skyarea(16345,10,12,4,6,12,4,1,1,414,46)
skyarea(16759,6,12,4,8,12,4,1,1,413,46)
skyarea(17172,8,12,4,4,12,4,1,1,414,46)
skyarea(17586,4,12,4,6,12,4,1,1,414,46)
flick(18000,6,12,4,4)
hold(18207,3,1,2483)
skyarea(18414,3,12,6,2,12,4,2,1,207,49)
skyarea(19448,9,12,6,10,12,4,1,2,207,50)
skyarea(19655,10,12,4,6,12,4,1,1,414,50)
flick(20069,6,12,4,4)
flick(20483,5,12,4,16)
skyarea(20483,5,12,4,5,12,8,0,0,207,53)
skyarea(20690,5,12,8,5,12,4,0,0,207,53)
skyarea(20897,7,12,4,7,12,8,0,0,206,53)
skyarea(21103,7,12,8,7,12,4,0,0,207,53)
flick(20897,6,12,6,4)
flick(21310,7,12,4,16)
hold(21517,2,1,2483)
flick(21724,6,12,6,4)
skyarea(22759,3,12,6,2,12,4,0,1,207,58)
skyarea(22966,2,12,4,6,12,4,1,1,414,58)
skyarea(23380,6,12,4,4,12,4,1,1,413,58)
skyarea(23793,4,12,4,8,12,4,1,1,414,58)
skyarea(24207,8,12,4,6,12,4,1,1,414,58)
flick(24621,6,12,4,16)
hold(24828,3,1,2482)
skyarea(25035,9,12,6,10,12,4,1,2,207,61)
skyarea(26069,3,12,6,2,12,4,2,1,207,62)
skyarea(26276,2,12,4,6,12,4,1,1,414,62)
flick(26690,6,12,4,16)
flick(27104,7,12,4,4)
skyarea(27104,7,12,4,7,12,8,0,0,207,65)
skyarea(27311,7,12,8,7,12,4,0,0,207,65)
skyarea(27518,5,12,4,5,12,8,0,0,206,65)
skyarea(27724,5,12,8,5,12,4,0,0,207,65)
flick(27518,6,12,6,16)
flick(27931,5,12,4,4)
hold(28138,0,1,414)
flick(28138,6,12,12,16)
flick(28552,6,12,8,16)
flick(28878,6,12,2,4)
flick(28966,6,12,12,16)
skyarea(29172,6,12,6,6,12,4,0,0,207,73)
flick(29379,7,12,6,4)
skyarea(29586,6,12,6,6,12,4,0,0,207,75)
flick(29793,5,12,6,16)
skyarea(30000,6,12,6,6,12,4,0,0,207,77)
flick(30207,7,12,6,4)
skyarea(30414,6,12,6,6,12,4,0,0,207,79)
flick(30621,5,12,6,16)
flick(30828,6,12,12,4)
hold(31448,0,1,414)
flick(31448,6,12,12,16)
flick(31862,6,12,8,16)
flick(32188,6,12,2,4)
flick(32276,6,12,12,16)
skyarea(32482,6,12,6,6,12,4,0,0,207,87)
flick(32689,7,12,6,4)
skyarea(32896,6,12,6,6,12,4,0,0,207,89)
flick(33103,5,12,6,16)
skyarea(33310,6,12,6,6,12,4,0,0,207,91)
flick(33517,7,12,6,4)
skyarea(33724,6,12,6,6,12,4,0,0,207,93)
flick(33931,5,12,6,16)
flick(34138,6,12,12,4)
hold(34759,0,1,413)
flick(34759,6,12,12,16)
flick(35173,6,12,8,16)
flick(35499,6,12,2,4)
flick(35587,6,12,12,16)
skyarea(35793,6,12,6,6,12,4,0,0,207,101)
flick(36000,7,12,6,4)
skyarea(36207,6,12,6,6,12,4,0,0,207,103)
flick(36414,5,12,6,16)
skyarea(36621,6,12,6,6,12,4,0,0,207,105)
flick(36828,7,12,6,4)
skyarea(37035,6,12,6,6,12,4,0,0,207,107)
flick(37242,5,12,6,16)
flick(37449,6,12,12,4)
flick(38069,3,12,6,16)
hold(38276,1,1,207)
hold(38483,2,1,207)
hold(38690,3,1,207)
hold(38897,2,1,206)
hold(39310,1,1,207)
hold(39517,2,1,207)
hold(39724,3,1,207)
hold(39931,2,1,207)
hold(40138,1,1,207)
hold(40345,2,1,207)
hold(40552,3,1,207)
hold(40759,2,1,207)
hold(40966,1,1,206)
hold(41379,5,1,414)
flick(41379,6,12,12,4)
skyarea(41586,12,24,12,12,24,8,0,0,207,126)
flick(41792,5,12,6,16)
skyarea(42000,6,12,4,6,12,6,0,0,207,128)
flick(42207,13,24,14,4)
skyarea(42414,6,12,4,6,12,6,0,0,207,130)
flick(42621,11,24,14,16)
skyarea(42827,6,12,6,6,12,4,0,0,207,132)
flick(43034,7,12,6,4)
skyarea(43241,6,12,6,6,12,4,0,0,207,134)
flick(43448,5,12,6,16)
skyarea(43655,6,12,4,6,12,6,0,0,207,136)
flick(43862,13,24,14,4)
flick(44069,6,12,12,16)
skyarea(44483,12,24,12,12,24,8,0,0,207,139)
hold(44689,5,1,414)
flick(44690,12,24,8,4)
flick(45103,6,12,8,4)
flick(45429,6,12,2,16)
flick(45517,6,12,12,4)
skyarea(45723,6,12,6,6,12,4,0,0,207,145)
flick(45930,5,12,6,16)
skyarea(46138,6,12,4,6,12,6,0,0,207,147)
flick(46345,13,24,14,4)
skyarea(46552,12,24,12,12,24,8,0,0,207,149)
flick(46758,5,12,6,16)
skyarea(46966,6,12,4,6,12,6,0,0,207,151)
flick(47173,13,24,14,4)
flick(47379,6,12,12,16)
skyarea(47793,6,12,4,6,12,6,0,0,207,154)
hold(48000,5,1,413)
flick(48000,12,24,12,4)
flick(48828,6,12,6,16)
flick(48947,6,12,2,4)
flick(49034,6,12,2,16)
flick(49241,6,12,12,4)
flick(49448,7,12,10,16)
skyarea(49448,7,12,10,2,12,4,1,1,207,162)
skyarea(49655,2,12,4,4,12,4,2,2,207,162)
flick(50069,5,12,10,4)
skyarea(50069,5,12,10,10,12,4,1,1,207,164)
skyarea(50276,10,12,4,8,12,4,2,2,207,164)
flick(50483,9,12,6,4)
flick(50690,6,12,12,16)
flick(51103,6,12,12,4)
hold(51517,4,1,207)
hold(51724,3,1,207)
hold(51931,2,1,207)
hold(52138,3,1,206)
hold(52551,4,1,207)
hold(52758,3,1,207)
hold(52965,2,1,207)
hold(53172,3,1,207)
hold(53379,4,1,207)
hold(53586,3,1,207)
hold(53793,2,1,207)
hold(54000,3,1,207)
hold(54207,4,1,206)
flick(54621,6,12,4,16)
tap(55034,1,1)
tap(55448,1,2)
tap(55774,1,3)
skyarea(56069,5,24,10,13,24,8,2,2,517,185)
skyarea(56586,13,24,8,21,24,6,1,1,517,185)
tap(57517,1,4)
tap(57724,1,3)
tap(57931,1,1)
tap(58257,1,2)
tap(58552,1,3)
tap(58759,1,4)
tap(59084,1,2)
skyarea(59379,19,24,10,11,24,8,2,2,517,193)
skyarea(59896,11,24,8,3,24,6,1,1,517,193)
flick(61241,7,12,8,4)
hold(61655,4,1,740)
tap(62069,1,3)
tap(62395,1,2)
hold(62690,1,1,739)
flick(62690,5,12,8,16)
tap(64138,1,4)
tap(64345,1,3)
tap(64552,1,4)
flick(64552,7,12,8,4)
tap(64878,1,3)
tap(65172,1,2)
tap(65793,1,1)
tap(66000,1,2)
tap(66207,1,1)
flick(66207,5,12,8,16)
tap(66533,1,2)
tap(66828,1,3)
skyarea(67034,6,12,2,6,12,6,1,1,621,212)
skyarea(67655,6,12,6,6,12,6,1,1,828,212)
tap(67862,1,5)
tap(67862,1,0)
tap(68069,1,0)
tap(68069,1,5)
tap(68276,1,5)
tap(68276,1,0)
tap(68483,1,0)
tap(68483,1,5)
flick(68690,6,12,6,16)
flick(68897,6,12,4,4)
flick(69103,6,12,2,16)
tap(69517,1,4)
flick(69517,7,12,8,4)
tap(69724,1,4)
tap(69931,1,4)
tap(70138,1,3)
tap(70257,1,4)
tap(70464,1,1)
tap(70759,1,2)
tap(70966,1,3)
tap(71172,1,1)
flick(71172,5,12,8,16)
tap(71379,1,1)
tap(71586,1,1)
tap(71793,1,2)
tap(71912,1,1)
tap(72119,1,4)
hold(72414,3,1,3103)
hold(72621,2,1,2896)
skyarea(73241,2,12,4,7,12,4,0,0,207,242)
skyarea(73448,7,12,4,2,12,4,0,0,207,242)
flick(73655,4,12,8,4)
skyarea(74069,10,12,4,5,12,4,0,0,207,244)
skyarea(74276,10,24,8,15,24,8,0,0,119,244)
flick(74395,11,24,16,16)
skyarea(74690,2,12,4,7,12,4,0,0,207,246)
skyarea(74897,14,24,8,9,24,8,0,0,119,246)
flick(75016,13,24,16,4)
flick(75222,8,24,16,16)
flick(75517,16,24,16,4)
tap(76138,1,1)
tap(76345,1,1)
tap(76552,1,1)
tap(76759,1,2)
tap(76878,1,1)
tap(77085,1,4)
tap(77380,1,3)
tap(77587,1,2)
tap(77793,1,4)
tap(78000,1,4)
tap(78207,1,4)
tap(78414,1,3)
tap(78533,1,4)
tap(78740,1,1)
hold(79034,2,1,1863)
hold(79241,3,1,1656)
skyarea(79861,10,12,4,5,12,4,0,0,207,266)
skyarea(80068,5,12,4,10,12,4,0,0,207,266)
flick(80275,8,12,8,16)
flick(80690,8,12,8,4)
flick(80896,4,12,6,16)
tap(81222,1,5)
flick(81222,8,12,6,4)
tap(81517,1,0)
flick(81517,3,12,6,16)
tap(81843,1,5)
flick(81843,9,12,6,4)
flick(82759,6,12,4,16)
skyarea(83172,6,12,4,9,12,4,1,1,207,277)
skyarea(83379,9,12,4,6,12,4,2,2,207,277)
skyarea(83586,6,12,4,3,12,4,1,1,206,277)
skyarea(83792,3,12,4,6,12,4,2,2,207,277)
flick(84000,6,12,4,4)
flick(84207,6,12,4,16)
skyarea(84207,6,12,4,6,12,8,0,0,207,280)
skyarea(84414,6,12,8,6,12,4,0,0,207,280)
flick(84621,6,12,4,4)
flick(85035,5,12,4,16)
skyarea(85035,5,12,4,5,12,8,0,0,207,283)
skyarea(85242,5,12,8,5,12,4,0,0,207,283)
skyarea(85449,7,12,4,7,12,8,0,0,206,283)
skyarea(85655,7,12,8,7,12,4,0,0,207,283)
flick(85449,6,12,6,4)
flick(85862,7,12,4,16)
hold(86069,5,1,207)
flick(86069,6,12,10,4)
skyarea(86483,9,12,4,4,12,6,1,1,207,288)
skyarea(86690,4,12,6,9,12,4,2,2,207,288)
skyarea(86897,6,12,10,3,12,4,1,1,326,288)
skyarea(87223,3,12,4,9,12,4,2,2,501,288)
skyarea(87724,6,12,10,3,12,4,1,1,326,288)
skyarea(88050,3,12,4,9,12,4,2,2,502,288)
skyarea(88552,6,12,10,3,12,4,1,1,326,288)
skyarea(88878,3,12,4,9,12,4,2,2,502,288)
hold(86897,1,1,325)
hold(87222,2,1,295)
hold(87517,3,1,207)
hold(87724,1,1,326)
hold(88050,2,1,295)
hold(88345,3,1,207)
hold(88552,1,1,326)
hold(88878,2,1,294)
hold(89172,3,1,207)
hold(89379,0,1,207)
flick(89379,6,12,10,16)
skyarea(89793,3,12,4,8,12,6,1,1,207,300)
skyarea(90000,8,12,6,3,12,4,2,2,207,300)
skyarea(90207,6,12,10,9,12,4,1,1,326,300)
skyarea(90533,9,12,4,3,12,4,2,2,501,300)
skyarea(91034,6,12,10,9,12,4,1,1,326,300)
skyarea(91360,9,12,4,3,12,4,2,2,502,300)
skyarea(91862,6,12,10,9,12,4,1,1,326,300)
skyarea(92188,9,12,4,3,12,4,2,2,502,300)
hold(90207,4,1,325)
hold(90532,3,1,295)
hold(90827,2,1,207)
hold(91034,4,1,326)
hold(91360,3,1,295)
hold(91655,2,1,207)
hold(91862,4,1,326)
hold(92188,3,1,294)
hold(92482,2,1,207)
hold(92689,5,1,207)
flick(92690,6,12,10,4)
skyarea(93103,9,12,4,4,12,6,1,1,207,312)
skyarea(93310,4,12,6,9,12,4,2,2,208,312)
skyarea(93518,6,12,10,3,12,4,1,1,326,312)
skyarea(93844,3,12,4,9,12,4,2,2,501,312)
skyarea(94345,6,12,10,3,12,4,1,1,326,312)
skyarea(94671,3,12,4,9,12,4,2,2,502,312)
skyarea(95173,6,12,10,3,12,4,1,1,326,312)
skyarea(95499,3,12,4,9,12,4,2,2,502,312)
hold(93517,1,1,325)
hold(93842,2,1,295)
hold(94137,3,1,207)
hold(94344,1,1,326)
hold(94670,2,1,295)
hold(94965,3,1,207)
hold(95172,1,1,326)
hold(95498,2,1,294)
hold(95792,3,1,207)
hold(96000,0,1,1241)
flick(96000,6,12,10,16)
skyarea(96414,6,12,4,9,12,4,1,1,207,324)
skyarea(96621,9,12,4,6,12,4,2,2,207,324)
skyarea(96828,6,12,4,3,12,4,1,1,206,324)
skyarea(97034,3,12,4,6,12,4,2,2,207,324)
skyarea(97241,6,12,4,6,12,10,1,1,207,324)
skyarea(97448,6,12,10,6,12,6,2,2,207,324)
skyarea(97655,6,12,6,6,12,6,0,0,621,324)
tap(97655,1,0)
tap(97655,1,5)
tap(97862,1,5)
tap(97862,1,0)
tap(98069,1,5)
tap(98069,1,0)
tap(98276,1,5)
tap(98276,1,0)
flick(98483,6,12,6,4)
flick(98690,6,12,4,16)
flick(98897,6,12,2,4)
skyarea(99310,9,12,6,144,192,2,0,0,414,336)
skyarea(100050,3,12,6,48,192,2,0,0,414,337)
skyarea(100966,100,200,2,6,12,12,0,0,325,338)
flick(101379,2,12,4,4)
flick(101448,6,12,4,4)
flick(101517,10,12,4,4)
flick(101586,10,12,4,16)
flick(101655,6,12,4,16)
flick(101724,2,12,4,16)
tap(101793,1,5)
flick(101793,6,12,12,4)
tap(102207,1,0)
flick(102207,6,12,12,16)
hold(102621,5,1,88)
flick(102621,6,12,12,4)
hold(103360,0,1,88)
flick(103360,6,12,12,16)
hold(104188,5,1,88)
flick(104188,6,12,12,4)
hold(105016,0,1,87)
flick(105016,6,12,12,16)
flick(105517,6,12,4,4)
flick(105636,6,12,4,16)
tap(105931,1,1)
tap(106138,1,1)
tap(106345,1,1)
tap(106552,1,2)
tap(106671,1,1)
tap(106878,1,4)
hold(107172,3,1,207)
tap(107380,1,2)
tap(107586,1,4)
tap(107793,1,4)
tap(108000,1,4)
tap(108207,1,3)
tap(108326,1,4)
tap(108533,1,1)
hold(108828,2,1,1862)
hold(109034,3,1,1656)
skyarea(109655,2,12,4,7,12,4,0,0,207,375)
skyarea(109862,7,12,4,2,12,4,0,0,207,375)
flick(110069,4,12,8,4)
flick(110483,4,12,8,16)
flick(110690,6,12,4,4)
tap(111016,1,2)
tap(111103,1,3)
tap(111310,1,2)
tap(111517,1,2)
tap(111724,1,3)
tap(111931,1,3)
hold(112138,3,1,207)
hold(112138,2,1,207)
hold(112552,0,1,207)
flick(112552,6,12,10,16)
skyarea(112966,3,12,4,8,12,6,1,1,207,389)
skyarea(113173,8,12,6,3,12,4,2,2,207,389)
skyarea(113380,6,12,10,9,12,4,1,1,326,389)
skyarea(113706,9,12,4,3,12,4,2,2,501,389)
skyarea(114207,6,12,10,9,12,4,1,1,326,389)
skyarea(114533,9,12,4,3,12,4,2,2,502,389)
skyarea(115035,6,12,10,9,12,4,1,1,326,389)
skyarea(115361,9,12,4,3,12,4,2,2,502,389)
hold(113380,4,1,325)
hold(113705,3,1,295)
hold(114000,2,1,207)
hold(114207,4,1,326)
hold(114533,3,1,295)
hold(114828,2,1,207)
hold(115035,4,1,326)
hold(115361,3,1,294)
hold(115655,2,1,207)
hold(115862,5,1,207)
flick(115862,6,12,10,4)
skyarea(116276,9,12,4,4,12,6,1,1,207,401)
skyarea(116483,4,12,6,9,12,4,2,2,207,401)
skyarea(116690,6,12,10,3,12,4,1,1,326,401)
skyarea(117016,3,12,4,9,12,4,2,2,501,401)
skyarea(117517,6,12,10,3,12,4,1,1,326,401)
skyarea(117843,3,12,4,9,12,4,2,2,502,401)
skyarea(118345,6,12,10,3,12,4,1,1,326,401)
skyarea(118671,3,12,4,9,12,4,2,2,502,401)
hold(116690,1,1,325)
hold(117015,2,1,295)
hold(117310,3,1,207)
hold(117517,1,1,326)
hold(117843,2,1,295)
hold(118138,3,1,207)
hold(118345,1,1,326)
hold(118671,2,1,294)
hold(118965,3,1,207)
hold(119172,0,1,207)
flick(119173,6,12,10,16)
skyarea(119586,3,12,4,8,12,6,1,1,207,413)
skyarea(119793,8,12,6,3,12,4,2,2,208,413)
skyarea(120001,6,12,10,9,12,4,1,1,326,413)
skyarea(120327,9,12,4,3,12,4,2,2,501,413)
skyarea(120828,6,12,10,9,12,4,1,1,326,413)
skyarea(121154,9,12,4,3,12,4,2,2,502,413)
skyarea(121656,6,12,10,9,12,4,1,1,326,413)
skyarea(121982,9,12,4,3,12,4,2,2,502,413)
hold(120000,4,1,325)
hold(120325,3,1,295)
hold(120620,2,1,207)
hold(120827,4,1,326)
hold(121153,3,1,295)
hold(121448,2,1,207)
hold(121655,4,1,326)
hold(121981,3,1,294)
hold(122275,2,1,207)
hold(122483,5,1,207)
flick(122483,6,12,10,4)
skyarea(122896,10,12,4,5,12,4,0,0,207,425)
skyarea(123103,5,12,4,10,12,4,0,0,207,425)
flick(123310,8,12,8,16)
flick(123725,8,12,8,4)
tap(123931,1,0)
flick(123931,4,12,6,16)
tap(124257,1,5)
flick(124257,8,12,6,4)
tap(124552,1,0)
flick(124552,3,12,6,16)
tap(124878,1,5)
flick(124878,9,12,6,4)
hold(125379,3,1,207)
hold(125379,2,1,207)
tap(125793,1,0)
flick(125793,6,12,12,16)
flick(126414,6,12,2,4)
flick(126533,6,12,2,16)
flick(126621,6,12,12,4)
flick(127034,5,12,6,16)
skyarea(127241,6,12,6,6,12,4,0,0,207,444)
flick(127448,7,12,6,4)
skyarea(127655,12,24,8,12,24,12,0,0,207,446)
flick(127862,11,24,14,16)
skyarea(128069,6,12,6,6,12,4,0,0,207,448)
flick(128276,7,12,6,4)
skyarea(128483,12,24,8,12,24,12,0,0,207,450)
flick(128690,11,24,14,16)
flick(128897,6,12,4,4)
flick(129103,6,12,12,16)
flick(129429,6,12,2,4)
flick(129517,6,12,12,16)
flick(129843,6,12,2,4)
flick(129931,6,12,12,16)
skyarea(130345,6,12,6,6,12,4,0,0,207,458)
hold(130552,3,1,207)
flick(130552,7,12,6,4)
hold(130966,2,1,206)
flick(130966,5,12,6,16)
hold(131379,3,1,207)
flick(131380,7,12,4,4)
skyarea(131380,7,12,4,7,12,8,0,0,207,465)
skyarea(131587,7,12,8,7,12,4,0,0,207,465)
skyarea(131794,5,12,4,5,12,8,0,0,206,465)
skyarea(132000,5,12,8,5,12,4,0,0,207,465)
hold(131793,2,1,207)
flick(131794,6,12,6,16)
flick(132207,5,12,4,4)
flick(132621,6,12,12,16)
flick(133034,6,12,4,4)
skyarea(133034,6,12,4,6,12,8,0,0,207,471)
skyarea(133241,6,12,8,6,12,4,0,0,207,471)
flick(133448,6,12,4,16)
tap(133655,1,0)
hold(133862,0,1,414)
flick(134069,2,10,4,4)
flick(134138,4,10,4,4)
flick(134207,6,10,4,4)
flick(134276,8,10,4,4)
hold(134483,0,1,207)
flick(134483,8,10,4,16)
flick(134552,6,10,4,16)
flick(134621,4,10,4,16)
flick(134690,2,10,4,16)
tap(134897,1,5)
flick(134897,5,10,10,4)
hold(135724,5,1,414)
skyarea(135724,10,12,4,2,12,4,0,0,414,487)
skyarea(136138,2,12,4,6,12,4,0,0,207,487)
tap(136552,1,0)
flick(136552,5,10,10,16)
tap(136966,1,5)
hold(137172,5,1,207)
skyarea(137172,2,12,4,10,12,4,0,0,414,492)
skyarea(137586,10,12,4,6,12,4,0,0,207,492)
flick(138001,7,12,4,4)
skyarea(138001,7,12,4,7,12,8,0,0,207,494)
skyarea(138208,7,12,8,7,12,4,0,0,207,494)
skyarea(138415,5,12,4,5,12,8,0,0,206,494)
skyarea(138621,5,12,8,5,12,4,0,0,207,494)
flick(138415,6,12,6,16)
hold(138828,5,1,413)
hold(138828,0,1,413)
flick(138828,5,12,4,4)
skyarea(139241,6,12,4,6,12,8,0,0,207,499)
skyarea(139448,6,12,8,6,12,4,0,0,207,499)
