chart(145.00,4.00)
lane(0,4,0)
hold(1655,1,1,414)
tap(2395,1,1)
tap(2897,1,1)
hold(3310,2,1,414)
tap(4050,1,2)
tap(4552,1,2)
tap(5379,1,3)
tap(5793,1,3)
tap(6207,1,2)
tap(6533,1,2)
tap(6828,1,3)
tap(7034,1,3)
tap(7360,1,2)
tap(7655,1,2)
hold(8276,4,1,414)
lane(8276,4,1)
lane(8276,1,0)
tap(9016,1,4)
tap(9517,1,4)
hold(9931,3,1,414)
tap(10671,1,3)
tap(11172,1,3)
tap(12000,1,2)
tap(12414,1,2)
tap(12828,1,3)
tap(13034,1,3)
tap(13360,1,2)
tap(13360,1,3)
tap(13655,1,3)
tap(13655,1,2)
tap(13981,1,2)
tap(13981,1,3)
skyarea(14897,10,12,4,10,12,4,2,2,88,30)
skyarea(15222,6,12,4,6,12,4,2,2,88,31)
skyarea(15517,2,12,4,2,12,4,2,2,88,32)
skyarea(16552,10,12,4,10,12,4,2,2,88,33)
skyarea(16877,6,12,4,6,12,4,2,2,88,34)
skyarea(17172,2,12,4,2,12,4,2,2,88,35)
flick(17586,6,12,4,4)
skyarea(18207,2,12,4,2,12,4,2,2,88,37)
skyarea(18532,6,12,4,6,12,4,2,2,88,38)
skyarea(18827,10,12,4,10,12,4,2,2,88,39)
skyarea(19862,2,12,4,2,12,4,2,2,88,40)
skyarea(20187,6,12,4,6,12,4,2,2,88,41)
skyarea(20482,10,12,4,10,12,4,2,2,88,42)
flick(20897,6,12,4,16)
skyarea(21517,10,12,4,10,12,4,2,2,88,44)
skyarea(21842,6,12,4,6,12,4,2,2,88,45)
skyarea(22137,2,12,4,2,12,4,2,2,88,46)
flick(22759,6,12,6,4)
skyarea(23172,2,12,4,2,12,4,2,2,88,48)
skyarea(23497,6,12,4,6,12,4,2,2,88,49)
skyarea(23792,10,12,4,10,12,4,2,2,88,50)
flick(24414,6,12,6,16)
skyarea(24828,6,12,4,6,12,8,0,0,413,52)
flick(25241,6,12,8,4)
skyarea(25655,6,12,4,6,12,8,0,0,414,54)
flick(26069,6,12,8,16)
flick(26276,6,12,6,4)
flick(26690,6,12,6,16)
skyarea(27103,6,12,4,6,12,8,0,0,414,58)
skyarea(27517,6,12,8,6,12,4,0,0,414,58)
flick(27931,6,12,4,16)
flick(28345,6,12,12,4)
tap(28966,1,4)
tap(29172,1,4)
tap(29379,1,3)
tap(29586,1,3)
tap(29793,1,2)
tap(30000,1,2)
tap(30207,1,3)
tap(30414,1,3)
hold(30621,4,1,207)
flick(31448,6,12,12,16)
tap(32276,1,4)
tap(32482,1,4)
tap(32689,1,3)
tap(32896,1,3)
tap(33103,1,2)
tap(33310,1,2)
tap(33517,1,3)
tap(33724,1,3)
hold(33931,4,1,207)
flick(34759,6,12,12,4)
tap(35587,1,4)
tap(35793,1,4)
tap(36000,1,3)
tap(36207,1,3)
tap(36414,1,2)
tap(36621,1,2)
tap(36828,1,3)
tap(37035,1,3)
hold(37242,4,1,207)
hold(38276,3,1,207)
hold(38690,3,1,207)
hold(39310,2,1,207)
hold(39724,2,1,207)
hold(40138,3,1,207)
hold(40552,3,1,207)
hold(40966,4,1,206)
flick(41379,6,12,12,16)
lane(41379,4,0)
lane(41379,1,1)
tap(41793,1,1)
hold(42207,1,1,207)
tap(42621,1,2)
tap(42828,1,2)
tap(43034,1,3)
tap(43241,1,3)
tap(43448,1,2)
tap(43655,1,2)
hold(43862,1,1,207)
flick(44689,6,12,12,4)
tap(45517,1,1)
tap(45723,1,1)
tap(45930,1,2)
tap(46137,1,2)
tap(46344,1,3)
tap(46551,1,3)
tap(46758,1,2)
tap(46965,1,2)
hold(47172,1,1,207)
flick(48000,6,12,12,16)
tap(48828,1,1)
tap(49034,1,1)
tap(49241,1,2)
tap(49448,1,2)
tap(49655,1,3)
tap(49862,1,3)
tap(50069,1,2)
tap(50483,1,2)
tap(51103,1,1)
hold(51517,2,1,207)
hold(51931,2,1,207)
hold(52551,3,1,207)
hold(52965,3,1,207)
hold(53379,2,1,207)
hold(53793,2,1,207)
hold(54207,1,1,206)
flick(54621,6,12,8,4)
flick(55448,6,12,4,16)
skyarea(56069,3,12,6,9,12,4,1,1,621,136)
skyarea(56690,9,12,4,6,12,4,2,2,620,136)
skyarea(57931,6,12,6,3,12,4,1,1,326,137)
skyarea(58257,3,12,4,6,12,4,2,2,207,137)
skyarea(58464,6,12,4,9,12,4,1,1,207,137)
skyarea(58671,9,12,4,6,12,6,2,2,295,137)
skyarea(59379,9,12,6,3,12,4,1,1,621,138)
skyarea(60000,3,12,4,6,12,4,2,2,620,138)
hold(61241,5,1,3931)
flick(61655,6,12,4,16)
skyarea(62069,3,12,6,6,12,4,1,1,326,141)
flick(62395,7,12,6,4)
skyarea(62690,6,12,6,3,12,4,1,1,326,143)
skyarea(63016,3,12,4,6,12,4,2,2,207,143)
skyarea(63223,6,12,4,9,12,4,1,1,207,143)
skyarea(63430,9,12,4,6,12,6,2,2,295,143)
flick(64138,6,12,4,4)
flick(64345,6,12,4,16)
flick(64552,6,12,4,4)
skyarea(64878,9,12,6,6,12,4,1,1,294,147)
flick(65172,5,12,6,16)
hold(66207,0,1,1241)
tap(67862,1,0)
tap(68069,1,0)
tap(68276,1,0)
tap(68483,1,0)
tap(69517,1,1)
tap(69724,1,1)
tap(69931,1,1)
hold(70257,2,1,207)
hold(70759,2,1,207)
tap(71172,1,3)
tap(71379,1,3)
tap(71586,1,3)
hold(71912,2,1,207)
hold(72414,2,1,207)
tap(73241,1,3)
tap(73655,1,3)
tap(74069,1,2)
tap(74395,1,2)
tap(74690,1,3)
tap(74897,1,3)
tap(75222,1,2)
tap(75517,1,2)
tap(76138,1,4)
lane(76138,1,0)
lane(76138,4,1)
tap(76345,1,4)
tap(76552,1,4)
hold(76878,3,1,207)
hold(77380,3,1,207)
tap(77793,1,2)
tap(78000,1,2)
tap(78207,1,2)
hold(78533,3,1,207)
hold(79035,3,1,207)
tap(79862,1,4)
tap(80069,1,4)
tap(80276,1,4)
tap(80690,1,3)
tap(80897,1,3)
tap(81222,1,2)
tap(81222,1,3)
tap(81517,1,3)
tap(81517,1,2)
tap(81843,1,3)
tap(81843,1,2)
hold(82759,0,1,1655)
flick(85655,6,12,12,4)
flick(86069,6,12,12,16)
skyarea(86483,2,12,4,10,12,4,1,1,414,196)
flick(86897,8,12,8,16)
skyarea(87222,5,24,10,19,24,10,1,1,295,198)
skyarea(87517,19,24,10,5,24,10,0,0,207,198)
flick(87723,4,12,8,4)
skyarea(88049,19,24,10,5,24,10,1,1,295,200)
skyarea(88344,5,24,10,19,24,10,0,0,208,200)
flick(88550,8,12,8,16)
skyarea(88966,6,12,12,6,12,4,1,1,413,202)
flick(89379,7,12,6,4)
skyarea(89793,10,12,4,2,12,4,1,1,414,204)
flick(90207,4,12,8,4)
skyarea(90533,19,24,10,5,24,10,1,1,295,206)
skyarea(90828,5,24,10,19,24,10,0,0,207,206)
flick(91034,8,12,8,16)
skyarea(91360,5,24,10,19,24,10,1,1,295,208)
skyarea(91655,19,24,10,5,24,10,0,0,208,208)
flick(91861,4,12,8,4)
skyarea(92276,6,12,12,6,12,4,1,1,413,210)
flick(92690,5,12,6,16)
skyarea(93104,2,12,4,10,12,4,1,1,414,212)
flick(93518,8,12,8,16)
skyarea(93844,5,24,10,19,24,10,1,1,295,214)
skyarea(94139,19,24,10,5,24,10,0,0,207,214)
flick(94345,4,12,8,4)
skyarea(94671,19,24,10,5,24,10,1,1,295,216)
skyarea(94966,5,24,10,19,24,10,0,0,208,216)
flick(95172,8,12,8,16)
skyarea(95586,6,12,12,6,12,4,1,1,413,218)
hold(96000,5,1,1241)
flick(96000,7,12,6,4)
tap(97655,1,5)
tap(97862,1,5)
tap(98069,1,5)
tap(98276,1,5)
skyarea(99310,6,12,12,6,12,10,1,1,119,225)
skyarea(99429,6,12,12,6,12,2,1,1,709,225)
skyarea(100138,6,12,8,6,12,6,1,1,119,225)
skyarea(100257,6,12,8,6,12,2,1,1,709,225)
skyarea(100966,6,12,6,6,12,4,1,1,325,225)
skyarea(101379,6,12,2,6,12,2,1,1,119,226)
skyarea(101586,6,12,2,6,12,2,1,1,119,227)
flick(101793,3,12,6,16)
flick(102207,9,12,6,4)
tap(102621,1,4)
tap(102621,1,3)
tap(103360,1,3)
tap(103360,1,4)
tap(104188,1,3)
tap(104188,1,2)
tap(105016,1,2)
tap(105016,1,3)
tap(105931,1,2)
tap(106138,1,2)
tap(106345,1,2)
hold(106671,2,1,207)
hold(107172,2,1,207)
tap(107586,1,3)
tap(107793,1,3)
tap(108000,1,3)
hold(108326,3,1,207)
hold(108828,3,1,206)
skyarea(109655,6,12,4,3,12,4,0,0,207,248)
skyarea(109862,3,12,4,6,12,4,0,0,207,248)
flick(110069,4,12,8,16)
skyarea(110483,5,12,4,8,12,4,0,0,207,250)
flick(110690,9,12,6,4)
skyarea(111016,6,12,4,6,12,4,2,2,294,252)
skyarea(111310,6,12,4,2,12,4,1,1,207,252)
skyarea(111517,2,12,4,6,12,4,2,2,207,252)
skyarea(111724,6,12,4,10,12,4,1,1,207,252)
skyarea(111931,10,12,4,6,12,4,2,2,207,252)
skyarea(112138,6,12,4,6,12,4,2,2,207,252)
flick(112552,6,12,12,4)
skyarea(112966,10,12,4,2,12,4,1,1,414,254)
flick(113380,4,12,8,4)
skyarea(113705,19,24,10,5,24,10,1,1,295,256)
skyarea(114000,5,24,10,19,24,10,0,0,207,256)
flick(114206,8,12,8,16)
skyarea(114532,5,24,10,19,24,10,1,1,295,258)
skyarea(114827,19,24,10,5,24,10,0,0,208,258)
flick(115033,4,12,8,4)
skyarea(115449,6,12,12,6,12,4,1,1,413,260)
flick(115862,5,12,6,16)
skyarea(116276,2,12,4,10,12,4,1,1,414,262)
flick(116690,8,12,8,16)
skyarea(117016,5,24,10,19,24,10,1,1,295,264)
skyarea(117311,19,24,10,5,24,10,0,0,207,264)
flick(117517,4,12,8,4)
skyarea(117843,19,24,10,5,24,10,1,1,295,266)
skyarea(118138,5,24,10,19,24,10,0,0,208,266)
flick(118344,8,12,8,16)
skyarea(118759,6,12,12,6,12,4,1,1,413,268)
flick(119172,7,12,6,4)
skyarea(119586,10,12,4,2,12,4,1,1,414,270)
flick(120000,4,12,8,4)
skyarea(120326,19,24,10,5,24,10,1,1,295,272)
skyarea(120621,5,24,10,19,24,10,0,0,207,272)
flick(120827,8,12,8,16)
skyarea(121153,5,24,10,19,24,10,1,1,295,274)
skyarea(121448,19,24,10,5,24,10,0,0,208,274)
flick(121654,4,12,8,4)
skyarea(122068,6,12,12,6,12,4,1,1,413,276)
flick(122482,5,12,6,16)
skyarea(122897,6,12,4,9,12,4,0,0,207,278)
skyarea(123104,9,12,4,6,12,4,0,0,207,278)
flick(123311,8,12,8,4)
skyarea(123725,7,12,4,4,12,4,0,0,207,280)
flick(123932,3,12,6,16)
skyarea(124258,6,12,4,6,12,4,2,2,294,282)
skyarea(124552,6,12,4,2,12,4,1,1,207,282)
skyarea(124759,2,12,4,6,12,4,2,2,207,282)
skyarea(124966,6,12,4,10,12,4,1,1,207,282)
skyarea(125173,10,12,4,6,12,4,2,2,207,282)
skyarea(125380,6,12,4,6,12,4,2,2,207,282)
flick(125794,6,12,12,4)
tap(126414,1,4)
tap(126621,1,4)
tap(127034,1,3)
hold(127241,3,1,207)
hold(127655,3,1,207)
hold(128069,2,1,207)
hold(128483,2,1,207)
tap(128897,1,3)
tap(129103,1,3)
tap(129517,1,4)
tap(129931,1,4)
tap(130345,1,2)
hold(130552,2,1,207)
hold(130966,2,1,207)
hold(131380,3,1,207)
hold(131794,3,1,207)
tap(132207,1,2)
tap(132414,1,2)
flick(133034,6,12,10,16)
lane(133034,1,1)
lane(133034,4,0)
tap(133655,1,1)
tap(133862,1,1)
tap(134483,1,1)
flick(134897,6,12,6,4)
tap(135724,1,1)
flick(136552,6,12,6,16)
tap(136966,1,1)
tap(137172,1,1)
flick(137586,6,12,6,4)
skyarea(138000,6,12,4,6,12,8,0,0,414,312)
skyarea(138414,6,12,8,6,12,4,0,0,414,312)
flick(138828,6,12,4,4)
flick(139242,6,12,12,16)
