chart(157.00,4.00)
hold(1529,1,1,2293)
hold(2102,2,1,1720)
hold(2675,3,1,1147)
hold(4586,1,1,2293)
hold(5159,4,1,1720)
hold(5732,2,2,1147)
hold(7643,4,1,2293)
hold(8216,3,1,1720)
hold(8789,2,1,1147)
hold(10700,3,2,2293)
hold(11274,1,2,1720)
hold(13758,1,1,287)
flick(13758,4,24,8,16)
flick(14045,12,24,8,4)
hold(14331,2,1,287)
flick(14331,4,12,4,16)
flick(14618,8,12,4,4)
tap(14904,1,3)
flick(14904,6,12,4,16)
flick(15096,6,12,4,4)
flick(15191,8,12,4,4)
hold(15287,4,1,287)
flick(15287,20,24,8,4)
flick(15574,12,24,8,16)
hold(15860,3,1,286)
flick(15860,8,12,4,4)
flick(16146,4,12,4,16)
tap(16433,1,2)
flick(16433,6,12,4,4)
flick(16624,6,12,4,16)
flick(16720,4,12,4,16)
flick(16815,4,24,8,16)
hold(16816,1,1,287)
flick(17102,12,24,8,4)
flick(17388,4,24,8,16)
hold(17389,1,2,287)
flick(17675,12,24,8,4)
flick(17961,4,24,8,16)
tap(17962,3,1)
flick(18153,4,24,8,4)
flick(18248,12,24,8,4)
flick(18344,20,24,8,4)
hold(18345,4,1,287)
flick(18631,12,24,8,16)
flick(18917,20,24,8,4)
hold(18918,3,2,286)
flick(19204,12,24,8,16)
flick(19490,20,24,8,4)
tap(19491,3,2)
flick(19681,20,24,8,16)
flick(19777,12,24,8,16)
tap(19873,1,2)
flick(19873,4,24,8,16)
tap(20255,1,3)
flick(20255,20,24,8,4)
tap(20637,1,2)
flick(20637,5,24,10,16)
tap(21019,1,3)
flick(21019,19,24,10,4)
tap(21401,2,1)
flick(21401,3,12,6,16)
tap(21592,2,3)
flick(21592,9,12,6,4)
tap(21783,2,1)
flick(21783,3,12,6,16)
tap(21975,2,3)
flick(21975,9,12,6,4)
tap(22166,2,1)
flick(22166,4,12,8,16)
tap(22357,2,3)
flick(22357,8,12,8,4)
tap(22548,2,1)
flick(22548,4,12,8,16)
tap(22739,2,3)
flick(22739,8,12,8,4)
flick(22930,6,12,8,16)
flick(23025,6,12,8,4)
flick(23121,6,12,8,16)
flick(23217,6,12,8,4)
flick(23312,6,12,8,16)
flick(23407,6,12,8,4)
flick(23503,6,12,8,16)
flick(23599,6,12,8,4)
flick(23694,6,12,8,16)
flick(23789,6,12,8,4)
flick(23885,6,12,8,16)
flick(23981,6,12,8,4)
flick(24076,6,12,8,16)
flick(24171,6,12,8,4)
flick(24267,6,12,8,16)
flick(24363,6,12,8,4)
skyarea(25223,6,12,2,6,12,12,2,2,382,91)
flick(25605,1,2,2,16)
hold(25987,1,1,574)
flick(25987,6,12,12,4)
skyarea(25987,6,12,12,10,12,4,1,0,191,95)
skyarea(26178,10,12,4,6,12,4,2,2,191,95)
skyarea(26369,6,12,4,2,12,4,1,1,192,95)
skyarea(26561,2,12,4,6,12,4,2,2,191,95)
tap(26752,1,1)
flick(26752,18,24,12,4)
hold(27516,1,2,573)
flick(27516,6,12,12,16)
skyarea(27518,6,12,12,2,12,4,0,1,189,100)
skyarea(27707,2,12,4,6,12,4,2,2,191,100)
skyarea(27898,6,12,4,10,12,4,1,1,192,100)
skyarea(28090,10,12,4,6,12,4,2,2,191,100)
tap(28280,2,1)
flick(28281,6,24,12,16)
hold(28662,3,1,192)
skyarea(28662,6,12,12,10,12,4,1,2,193,104)
skyarea(28855,10,12,4,3,12,6,2,2,191,104)
skyarea(29046,6,12,12,10,12,4,1,0,190,104)
skyarea(29236,10,12,4,6,12,4,2,2,191,104)
skyarea(29427,6,12,4,2,12,4,1,1,192,104)
skyarea(29619,2,12,4,9,12,6,2,2,191,104)
skyarea(29810,6,12,12,2,12,4,0,1,190,104)
skyarea(30000,2,12,4,6,12,4,2,2,191,104)
skyarea(30191,6,12,4,10,12,4,1,1,192,104)
skyarea(30383,10,12,4,3,12,6,2,2,191,104)
skyarea(30574,6,12,12,10,12,4,1,0,190,104)
skyarea(30764,10,12,4,6,12,4,2,2,191,104)
skyarea(30955,6,12,4,2,12,4,1,1,192,104)
skyarea(31147,2,12,4,6,12,4,2,2,191,104)
hold(29045,1,3,573)
flick(29046,18,24,12,4)
hold(29809,1,3,573)
flick(29810,6,24,12,16)
hold(30573,1,3,573)
flick(30574,18,24,12,4)
tap(31338,4,1)
flick(31338,6,24,12,16)
skyarea(31529,6,12,8,6,12,6,0,0,47,113)
skyarea(31576,6,12,8,6,12,6,0,0,47,113)
skyarea(31623,6,12,8,6,12,6,0,0,48,113)
skyarea(31671,6,12,8,6,12,6,0,0,48,113)
skyarea(31719,6,12,8,6,12,6,0,0,48,113)
skyarea(31767,6,12,8,6,12,6,0,0,48,113)
skyarea(31815,6,12,8,6,12,6,0,0,47,113)
skyarea(31862,6,12,8,6,12,6,0,0,48,113)
hold(32102,4,1,574)
flick(32102,6,12,12,16)
skyarea(32102,6,12,12,2,12,4,0,1,191,116)
skyarea(32293,2,12,4,6,12,4,2,2,191,116)
skyarea(32484,6,12,4,10,12,4,1,1,192,116)
skyarea(32676,10,12,4,6,12,4,2,2,191,116)
tap(32867,1,4)
flick(32867,6,24,12,16)
hold(33631,3,2,573)
flick(33631,6,12,12,4)
skyarea(33633,6,12,12,10,12,4,1,0,189,121)
skyarea(33822,10,12,4,6,12,4,2,2,191,121)
skyarea(34013,6,12,4,2,12,4,1,1,192,121)
skyarea(34205,2,12,4,6,12,4,2,2,191,121)
tap(34395,2,3)
flick(34396,18,24,12,4)
hold(34777,2,1,191)
skyarea(34777,6,12,12,2,12,4,2,1,193,125)
skyarea(34970,2,12,4,9,12,6,2,2,191,125)
skyarea(35161,6,12,12,2,12,4,0,1,190,125)
skyarea(35351,2,12,4,6,12,4,2,2,191,125)
skyarea(35542,6,12,4,10,12,4,1,1,192,125)
skyarea(35734,10,12,4,3,12,6,2,2,191,125)
skyarea(35925,6,12,12,10,12,4,1,0,190,125)
skyarea(36115,10,12,4,6,12,4,2,2,191,125)
skyarea(36306,6,12,4,2,12,4,1,1,192,125)
skyarea(36498,2,12,4,9,12,6,2,2,191,125)
skyarea(36689,6,12,12,2,12,4,0,1,190,125)
skyarea(36879,2,12,4,6,12,4,2,2,191,125)
skyarea(37070,6,12,4,10,12,4,1,1,192,125)
skyarea(37262,10,12,4,6,12,4,2,2,191,125)
hold(35160,2,3,573)
flick(35161,6,24,12,16)
hold(35924,2,3,573)
flick(35925,18,24,12,4)
hold(36688,2,3,573)
flick(36689,6,24,12,16)
tap(37453,4,1)
flick(37453,18,24,12,4)
tap(38217,2,1)
flick(38217,4,12,8,16)
tap(38599,2,1)
flick(38599,8,12,8,4)
tap(38981,2,1)
flick(38981,4,12,8,16)
tap(39363,1,0)
flick(39363,8,12,8,4)
tap(39745,1,0)
flick(39746,4,12,8,16)
tap(40127,1,0)
flick(40128,8,12,8,4)
tap(40510,1,0)
flick(40510,4,12,8,16)
tap(40701,1,0)
tap(40892,1,0)
tap(41083,1,0)
tap(41274,4,1)
flick(41274,3,12,6,4)
tap(41656,4,1)
flick(41656,9,12,6,16)
tap(42038,4,1)
flick(42038,3,12,6,4)
tap(42420,4,1)
flick(42420,9,12,6,16)
tap(42803,4,1)
flick(42803,3,12,6,4)
tap(43185,4,1)
flick(43185,9,12,6,16)
tap(43567,4,1)
flick(43567,6,12,6,4)
skyarea(43758,8,16,8,8,16,2,1,1,191,165)
skyarea(43949,8,16,2,8,16,8,2,2,191,165)
tap(44331,2,3)
flick(44332,8,12,8,4)
tap(44713,2,3)
flick(44714,4,12,8,16)
tap(45095,2,3)
flick(45096,8,12,8,4)
tap(45478,1,5)
flick(45478,4,12,8,16)
tap(45860,1,5)
flick(45861,8,12,8,4)
tap(46242,1,5)
flick(46243,4,12,8,16)
tap(46624,1,5)
flick(46625,8,12,8,4)
tap(46815,1,5)
tap(47006,1,5)
tap(47197,1,5)
tap(47389,4,1)
flick(47389,13,16,6,16)
tap(47675,4,1)
flick(47675,12,16,8,16)
tap(47962,4,1)
flick(47962,11,16,10,16)
tap(48248,4,1)
flick(48248,10,16,12,16)
tap(48535,4,1)
flick(48535,9,16,14,16)
hold(48917,1,4,765)
skyarea(48917,5,10,10,5,10,2,1,1,383,194)
skyarea(49300,5,10,2,5,10,2,1,1,382,194)
hold(50446,4,1,2293)
flick(50446,8,12,8,4)
flick(50828,4,12,8,16)
hold(51019,3,1,1720)
flick(51210,8,12,8,4)
hold(51592,2,1,1147)
flick(51592,4,12,8,16)
flick(51975,8,12,8,4)
flick(52357,4,12,8,16)
tap(52739,1,5)
flick(52739,8,12,8,4)
tap(52930,1,5)
tap(53121,1,5)
tap(53312,1,5)
hold(53503,4,1,2293)
flick(53503,13,16,6,16)
flick(53885,12,16,8,16)
hold(54076,1,1,1720)
flick(54267,11,16,10,16)
flick(54649,10,16,12,16)
hold(54650,2,2,1146)
flick(55032,11,16,10,16)
flick(55414,12,16,8,16)
flick(55796,13,16,6,16)
skyarea(55987,8,16,8,8,16,2,1,1,191,219)
skyarea(56178,8,16,2,8,16,8,2,2,191,219)
hold(56561,1,1,2293)
flick(56561,4,12,8,16)
flick(56943,8,12,8,4)
hold(57134,2,1,1720)
flick(57325,4,12,8,16)
hold(57707,3,1,1147)
flick(57707,8,12,8,4)
flick(58090,4,12,8,16)
flick(58472,8,12,8,4)
tap(58854,1,0)
flick(58854,4,12,8,16)
tap(59045,1,0)
tap(59236,1,0)
tap(59427,1,0)
hold(59618,1,2,2293)
flick(59618,3,16,6,4)
flick(59904,4,16,8,4)
hold(60191,3,2,1720)
flick(60191,5,16,10,4)
flick(60477,6,16,12,4)
flick(60764,7,16,14,4)
skyarea(61146,5,10,10,5,10,2,1,1,383,241)
skyarea(61529,5,10,2,5,10,2,1,1,382,241)
skyarea(62675,12,14,4,7,14,4,2,2,287,242)
skyarea(62962,7,14,4,2,14,4,1,1,286,242)
skyarea(63439,7,14,14,5,10,2,1,1,574,243)
skyarea(64013,5,10,2,5,10,10,2,2,573,243)
skyarea(64968,12,14,4,7,14,4,1,1,382,244)
skyarea(65350,7,14,4,12,14,4,2,2,382,244)
skyarea(65732,12,14,4,2,14,4,1,1,765,244)
skyarea(66497,2,14,4,7,14,4,1,1,382,244)
skyarea(66879,7,14,4,2,14,4,2,2,382,244)
skyarea(67261,2,14,4,12,14,4,0,0,382,244)
skyarea(67643,5,10,10,5,10,2,1,1,574,244)
skyarea(68408,12,24,8,12,24,8,1,1,191,245)
skyarea(68790,12,14,4,7,14,4,2,2,287,246)
skyarea(69077,7,14,4,2,14,4,1,1,286,246)
skyarea(69554,5,10,2,5,10,10,1,1,574,247)
skyarea(70128,5,10,10,5,10,2,2,2,573,247)
skyarea(71465,12,24,8,12,24,8,2,2,191,248)
skyarea(71847,2,14,4,7,14,4,2,2,287,249)
skyarea(72134,7,14,4,12,14,4,1,1,286,249)
skyarea(72611,7,14,14,5,10,2,1,1,574,250)
skyarea(73185,5,10,2,5,10,10,2,2,573,250)
flick(74140,18,24,12,4)
flick(74522,6,24,12,16)
hold(74904,4,1,2293)
flick(74905,8,12,8,4)
flick(75287,4,12,8,16)
hold(75477,3,1,1720)
flick(75669,8,12,8,4)
hold(76050,2,1,1147)
flick(76051,4,12,8,16)
flick(76434,8,12,8,4)
flick(76816,4,12,8,16)
flick(77198,8,12,8,4)
flick(77580,4,12,8,16)
hold(77961,4,1,2293)
flick(77963,8,12,8,4)
flick(78345,4,12,8,16)
hold(78535,1,1,1720)
flick(78727,8,12,8,4)
hold(79108,2,2,1147)
flick(79109,4,12,8,16)
flick(79492,8,12,8,4)
flick(79874,4,12,8,16)
flick(80256,8,12,8,4)
flick(80637,6,12,4,16)
flick(80828,6,12,4,4)
hold(81018,1,1,2293)
flick(81020,4,12,8,16)
flick(81402,8,12,8,4)
hold(81592,2,1,1719)
flick(81784,4,12,8,16)
hold(82165,3,1,1146)
flick(82166,8,12,8,4)
flick(82549,4,12,8,16)
flick(82931,8,12,8,4)
flick(83313,4,12,8,16)
flick(83695,8,12,8,4)
hold(84076,1,2,765)
flick(84076,4,12,8,16)
flick(84268,8,12,8,4)
flick(84459,4,12,8,16)
hold(84650,3,2,191)
flick(84650,8,12,8,4)
flick(84841,6,12,8,16)
flick(84936,6,12,8,4)
flick(85032,6,12,8,16)
flick(85127,6,12,8,4)
flick(85223,6,12,8,16)
flick(85318,6,12,8,4)
flick(85414,6,12,8,16)
flick(85510,6,12,8,4)
skyarea(85605,5,10,10,5,10,2,1,1,764,301)
hold(87134,4,1,286)
flick(87134,19,24,10,4)
skyarea(87134,21,24,6,21,24,6,2,2,286,304)
flick(87420,19,24,10,16)
hold(87898,3,2,287)
flick(87898,17,24,14,4)
skyarea(87898,19,24,10,19,24,10,2,2,287,308)
flick(88185,17,24,14,16)
hold(88662,2,3,287)
flick(88662,15,24,18,4)
skyarea(88662,17,24,14,17,24,14,2,2,287,312)
flick(88949,15,24,18,16)
hold(89427,1,4,286)
flick(89427,13,24,22,4)
skyarea(89427,15,24,18,15,24,18,2,2,286,316)
flick(89713,13,24,22,16)
hold(90191,1,1,287)
flick(90191,5,24,10,16)
skyarea(90191,3,24,6,3,24,6,2,2,286,320)
flick(90477,5,24,10,4)
hold(90955,1,2,287)
flick(90955,7,24,14,16)
skyarea(90955,5,24,10,5,24,10,2,2,287,324)
flick(91242,7,24,14,4)
flick(91719,9,24,18,16)
skyarea(91719,7,24,14,7,24,14,2,2,287,327)
hold(91720,1,3,286)
flick(92006,9,24,18,4)
hold(92484,1,4,287)
flick(92484,11,24,22,16)
skyarea(92484,9,24,18,9,24,18,2,2,286,332)
flick(92770,11,24,22,4)
hold(93248,4,1,287)
flick(93248,19,24,10,4)
skyarea(93248,21,24,6,21,24,6,2,2,287,336)
hold(93631,3,2,286)
flick(93631,18,24,12,4)
skyarea(93631,19,24,10,19,24,10,2,2,286,339)
hold(94013,2,3,286)
flick(94013,15,24,18,4)
skyarea(94013,17,24,14,17,24,14,2,2,286,342)
hold(94395,1,4,287)
flick(94395,13,24,22,4)
skyarea(94395,15,24,18,15,24,18,2,2,287,345)
hold(94777,1,1,287)
flick(94777,5,24,10,16)
skyarea(94777,3,24,6,3,24,6,2,2,287,348)
hold(95160,1,2,286)
flick(95160,6,24,12,16)
skyarea(95160,5,24,10,5,24,10,2,2,286,351)
hold(95542,1,3,286)
flick(95542,9,24,18,16)
skyarea(95542,7,24,14,7,24,14,2,2,286,354)
hold(95924,1,4,287)
flick(95924,11,24,22,16)
skyarea(95924,9,24,18,9,24,18,2,2,286,357)
flick(96306,6,12,8,4)
flick(96401,6,12,8,16)
flick(96497,6,12,8,4)
flick(96592,6,12,8,16)
flick(96688,6,12,8,4)
flick(96783,6,12,8,16)
flick(96879,6,12,8,4)
flick(96974,6,12,8,16)
flick(97070,6,12,8,4)
flick(97165,6,12,8,16)
flick(97261,6,12,8,4)
flick(97356,6,12,8,16)
flick(97452,6,12,8,4)
flick(97547,6,12,8,16)
flick(97643,6,12,8,4)
flick(97738,6,12,8,16)
skyarea(98599,6,12,2,6,12,12,2,2,382,374)
flick(98981,1,2,2,16)
tap(99363,1,2)
tap(99363,1,3)
skyarea(99363,12,14,4,12,14,4,1,1,382,378)
skyarea(99745,7,14,14,7,14,14,1,1,96,378)
skyarea(99841,2,14,4,2,14,4,1,1,286,378)
skyarea(100127,7,14,14,7,14,14,1,1,96,378)
skyarea(100223,12,14,4,12,14,4,1,1,286,378)
skyarea(100509,7,14,14,7,14,14,1,1,97,378)
skyarea(100606,2,14,4,2,14,4,1,1,286,378)
skyarea(100892,7,14,14,7,14,14,1,1,96,378)
skyarea(100988,12,14,4,12,14,4,1,1,286,378)
skyarea(101274,7,14,14,7,14,14,1,1,96,378)
skyarea(101370,2,14,4,2,14,4,1,1,286,378)
skyarea(101656,7,14,14,7,14,14,1,1,96,378)
skyarea(101752,12,14,4,12,14,4,1,1,286,378)
skyarea(102038,7,14,14,7,14,14,1,1,96,378)
skyarea(102134,2,14,4,2,14,4,1,1,286,378)
skyarea(102420,7,14,14,7,14,14,1,1,96,378)
skyarea(102516,12,14,4,12,14,4,1,1,286,378)
skyarea(102802,7,14,14,7,14,14,1,1,97,378)
skyarea(102899,2,14,4,2,14,4,1,1,286,378)
skyarea(103185,7,14,14,7,14,14,1,1,96,378)
skyarea(103281,12,14,4,12,14,4,1,1,286,378)
skyarea(103567,7,14,14,7,14,14,1,1,96,378)
skyarea(103663,2,14,4,2,14,4,1,1,286,378)
skyarea(103949,7,14,14,7,14,14,1,1,96,378)
skyarea(104045,12,14,4,12,14,4,1,1,286,378)
skyarea(104331,7,14,14,7,14,14,1,1,96,378)
skyarea(104427,2,14,4,2,14,4,1,1,286,378)
tap(99744,1,2)
tap(99744,1,3)
tap(100126,1,2)
tap(100126,1,3)
tap(100508,1,3)
tap(100508,1,2)
tap(100891,1,3)
tap(100891,1,2)
tap(101273,1,2)
tap(101273,1,3)
tap(101655,1,2)
tap(101655,1,3)
tap(102037,1,2)
tap(102037,1,3)
tap(102229,1,2)
tap(102229,1,3)
tap(102420,2,1)
tap(102420,2,3)
tap(102803,2,3)
tap(102803,2,1)
tap(103185,2,3)
tap(103185,2,1)
tap(103567,2,1)
tap(103567,2,3)
tap(103949,2,3)
tap(103949,2,1)
tap(104331,2,1)
tap(104331,2,3)
tap(104713,2,3)
tap(104713,2,1)
flick(104713,7,14,14,4)
hold(104904,3,2,383)
hold(104904,1,2,383)
tap(105477,1,2)
tap(105477,1,3)
skyarea(105478,2,14,4,2,14,4,1,1,382,414)
skyarea(105860,7,14,14,7,14,14,1,1,96,414)
skyarea(105956,12,14,4,12,14,4,1,1,286,414)
skyarea(106242,7,14,14,7,14,14,1,1,96,414)
skyarea(106338,2,14,4,2,14,4,1,1,286,414)
skyarea(106624,7,14,14,7,14,14,1,1,97,414)
skyarea(106721,12,14,4,12,14,4,1,1,286,414)
skyarea(107007,7,14,14,7,14,14,1,1,96,414)
skyarea(107103,2,14,4,2,14,4,1,1,286,414)
skyarea(107389,7,14,14,7,14,14,1,1,96,414)
skyarea(107485,12,14,4,12,14,4,1,1,286,414)
skyarea(107771,7,14,14,7,14,14,1,1,96,414)
skyarea(107867,2,14,4,2,14,4,1,1,286,414)
skyarea(108153,7,14,14,7,14,14,1,1,96,414)
skyarea(108249,12,14,4,12,14,4,1,1,286,414)
skyarea(108535,7,14,14,7,14,14,1,1,96,414)
skyarea(108631,2,14,4,2,14,4,1,1,286,414)
skyarea(108917,7,14,14,7,14,14,1,1,97,414)
skyarea(109014,12,14,4,12,14,4,1,1,286,414)
tap(105859,1,3)
tap(105859,1,2)
tap(106241,1,2)
tap(106241,1,3)
tap(106623,1,2)
tap(106623,1,3)
tap(107006,1,3)
tap(107006,1,2)
tap(107388,1,2)
tap(107388,1,3)
tap(107770,1,2)
tap(107770,1,3)
tap(108152,1,3)
tap(108152,1,2)
tap(108535,2,3)
tap(108535,2,1)
tap(108917,2,3)
tap(108917,2,1)
tap(109299,2,1)
tap(109299,2,3)
flick(109299,7,14,14,16)
tap(109586,2,3)
tap(109586,2,1)
flick(109586,7,14,14,4)
tap(109873,2,1)
tap(109873,2,3)
flick(109873,7,14,14,16)
hold(110064,5,1,573)
skyarea(110064,12,24,24,21,24,6,1,0,573,443)
hold(110828,0,1,573)
skyarea(110828,12,24,24,3,24,6,2,1,573,445)
hold(111592,1,4,4586)
flick(111975,6,12,4,4)
skyarea(112070,20,24,8,20,24,8,2,1,48,448)
skyarea(112166,20,24,8,20,24,8,2,1,47,449)
skyarea(112261,20,24,8,20,24,8,2,1,48,450)
flick(112357,6,12,4,16)
skyarea(112452,4,24,8,4,24,8,1,2,48,452)
skyarea(112548,4,24,8,4,24,8,1,2,47,453)
skyarea(112643,4,24,8,4,24,8,1,2,48,454)
flick(112739,6,12,4,4)
skyarea(112835,6,12,4,6,12,4,0,1,48,456)
skyarea(112930,6,12,4,6,12,4,0,1,48,457)
skyarea(113026,6,12,4,6,12,4,0,1,48,458)
flick(113121,12,24,8,16)
flick(113503,12,24,12,4)
skyarea(113599,16,24,8,16,24,8,1,2,47,461)
skyarea(113694,16,24,8,16,24,8,1,2,48,462)
skyarea(113790,16,24,8,16,24,8,1,2,48,463)
flick(113885,12,24,16,4)
skyarea(113981,18,24,8,18,24,8,1,2,48,465)
skyarea(114076,18,24,8,18,24,8,1,2,48,466)
skyarea(114172,18,24,8,18,24,8,1,2,48,467)
flick(114268,12,24,20,4)
skyarea(114363,20,24,8,20,24,8,1,2,48,469)
skyarea(114459,20,24,8,20,24,8,1,2,47,470)
skyarea(114554,20,24,8,20,24,8,1,2,48,471)
flick(114650,12,24,24,16)
flick(115033,6,12,4,4)
skyarea(115128,20,24,8,20,24,8,2,1,48,474)
skyarea(115224,20,24,8,20,24,8,2,1,47,475)
skyarea(115319,20,24,8,20,24,8,2,1,48,476)
flick(115415,6,12,4,16)
skyarea(115510,4,24,8,4,24,8,1,2,48,478)
skyarea(115606,4,24,8,4,24,8,1,2,47,479)
skyarea(115701,4,24,8,4,24,8,1,2,48,480)
flick(115797,6,12,4,4)
skyarea(115893,6,12,4,6,12,4,0,1,48,482)
skyarea(115988,6,12,4,6,12,4,0,1,48,483)
skyarea(116084,6,12,4,6,12,4,0,1,48,484)
flick(116178,6,12,4,16)
flick(116369,6,12,4,4)
flick(116561,12,24,8,16)
skyarea(116561,6,12,4,6,12,12,1,1,191,488)
skyarea(116752,6,12,12,6,12,4,2,2,191,488)
flick(116943,5,12,6,16)
flick(117038,7,12,6,4)
flick(117229,5,12,6,16)
flick(117325,7,12,6,4)
hold(117707,5,1,4204)
hold(117707,0,1,4204)
flick(118090,6,12,4,16)
skyarea(118185,4,24,8,4,24,8,1,2,48,496)
skyarea(118281,4,24,8,4,24,8,1,2,47,497)
skyarea(118376,4,24,8,4,24,8,1,2,48,498)
flick(118472,6,12,4,4)
skyarea(118567,20,24,8,20,24,8,2,1,48,500)
skyarea(118663,20,24,8,20,24,8,2,1,47,501)
skyarea(118758,20,24,8,20,24,8,2,1,48,502)
flick(118854,6,12,4,16)
skyarea(118950,6,12,4,6,12,4,1,0,48,504)
skyarea(119045,6,12,4,6,12,4,1,0,48,505)
skyarea(119141,6,12,4,6,12,4,1,0,48,506)
flick(119236,12,24,8,4)
flick(119618,12,24,12,16)
skyarea(119714,8,24,8,8,24,8,2,1,47,509)
skyarea(119809,8,24,8,8,24,8,2,1,48,510)
skyarea(119905,8,24,8,8,24,8,2,1,48,511)
flick(120000,12,24,16,16)
skyarea(120096,6,24,8,6,24,8,2,1,48,513)
skyarea(120191,6,24,8,6,24,8,2,1,48,514)
skyarea(120287,6,24,8,6,24,8,2,1,48,515)
flick(120383,12,24,20,16)
skyarea(120478,4,24,8,4,24,8,2,1,48,517)
skyarea(120574,4,24,8,4,24,8,2,1,47,518)
skyarea(120669,4,24,8,4,24,8,2,1,48,519)
flick(120764,3,16,6,4)
flick(121050,4,16,8,4)
flick(121337,5,16,10,4)
flick(121623,6,16,12,4)
flick(121910,7,16,14,4)
skyarea(122293,6,12,12,6,12,2,1,1,382,525)
skyarea(122675,6,12,2,6,12,2,1,1,382,525)
hold(123822,1,1,2293)
skyarea(123822,12,24,24,2,24,4,2,1,286,527)
skyarea(124108,2,24,4,4,24,8,2,2,96,527)
flick(124204,6,12,12,4)
hold(124395,2,1,1720)
flick(124586,4,12,8,16)
hold(124968,3,1,1147)
flick(124968,8,12,8,4)
flick(125351,4,12,8,16)
flick(125733,8,12,8,4)
tap(126115,1,0)
flick(126115,4,12,8,16)
tap(126306,1,0)
tap(126497,1,0)
tap(126688,1,0)
hold(126879,1,1,2293)
flick(126879,3,16,6,4)
flick(127261,4,16,8,4)
hold(127452,4,1,1720)
flick(127643,5,16,10,4)
hold(128025,2,2,1147)
flick(128025,6,16,12,4)
flick(128408,5,16,10,4)
flick(128790,4,16,8,4)
flick(129172,3,16,6,4)
skyarea(129363,8,16,8,8,16,2,1,1,191,550)
skyarea(129554,8,16,2,8,16,8,2,2,191,550)
hold(129937,4,1,2293)
flick(129937,8,12,8,4)
flick(130319,4,12,8,16)
hold(130510,3,1,1720)
flick(130701,8,12,8,4)
hold(131083,2,1,1147)
flick(131083,4,12,8,16)
flick(131466,8,12,8,4)
flick(131848,4,12,8,16)
tap(132230,1,5)
flick(132230,8,12,8,4)
tap(132421,1,5)
tap(132612,1,5)
tap(132803,1,5)
hold(132994,3,2,2293)
flick(132994,13,16,6,16)
flick(133280,12,16,8,16)
hold(133567,1,2,1720)
flick(133567,11,16,10,16)
flick(133853,10,16,12,16)
flick(134140,9,16,14,16)
skyarea(134522,5,10,10,5,10,2,1,1,383,572)
skyarea(134905,5,10,2,5,10,2,1,1,382,572)
tap(136051,1,2)
tap(136051,1,3)
skyarea(136051,2,14,4,7,14,4,2,2,287,575)
skyarea(136338,7,14,4,12,14,4,1,1,286,575)
tap(136433,1,3)
tap(136433,1,2)
tap(136815,1,3)
tap(136815,1,2)
skyarea(136815,7,14,14,5,10,2,1,1,574,580)
skyarea(137389,5,10,2,5,10,10,2,2,573,580)
tap(137197,1,3)
tap(137197,1,2)
tap(137580,2,3)
tap(137580,2,1)
tap(137962,2,3)
tap(137962,2,1)
tap(138344,2,3)
tap(138344,2,1)
skyarea(138344,2,14,4,7,14,4,1,1,382,589)
skyarea(138726,7,14,4,2,14,4,2,2,382,589)
skyarea(139108,2,14,4,12,14,4,1,1,765,589)
skyarea(139873,12,14,4,7,14,4,1,1,382,589)
skyarea(140255,7,14,4,12,14,4,2,2,382,589)
skyarea(140637,12,14,4,2,14,4,0,0,382,589)
skyarea(141019,5,10,10,5,10,2,1,1,574,589)
tap(138726,2,3)
tap(138726,2,1)
tap(139109,2,3)
tap(139109,1,2)
tap(139491,1,2)
tap(139491,2,3)
tap(139873,1,3)
tap(139873,2,1)
tap(140255,1,3)
tap(140255,2,1)
tap(140637,2,3)
tap(140637,1,2)
tap(141019,2,3)
tap(141019,1,2)
tap(141401,1,3)
tap(141401,2,1)
tap(141783,1,3)
tap(141783,2,1)
skyarea(141784,12,24,8,12,24,8,1,1,191,608)
tap(142166,1,5)
skyarea(142166,2,14,4,7,14,4,2,2,287,610)
skyarea(142453,7,14,4,12,14,4,1,1,286,610)
tap(142357,1,5)
tap(142548,1,5)
tap(142739,1,5)
tap(142930,1,5)
skyarea(142930,5,10,2,5,10,10,1,1,574,615)
skyarea(143504,5,10,10,5,10,2,2,2,573,615)
tap(143121,1,5)
tap(143312,1,5)
tap(143694,1,0)
tap(143885,1,0)
tap(144076,1,0)
tap(144268,1,0)
tap(144459,1,0)
tap(144650,1,0)
tap(144841,1,0)
skyarea(144841,12,24,8,12,24,8,2,2,191,625)
hold(145223,0,1,1529)
hold(145223,5,1,1529)
flick(145223,6,12,8,4)
flick(145318,6,12,8,16)
flick(145414,6,12,8,4)
flick(145510,6,12,8,16)
flick(145605,6,12,8,4)
flick(145700,6,12,8,16)
flick(145796,6,12,8,4)
flick(145892,6,12,8,16)
flick(145987,6,12,8,4)
flick(146082,6,12,8,16)
flick(146178,6,12,8,4)
flick(146274,6,12,8,16)
flick(146369,6,12,8,4)
flick(146464,6,12,8,16)
flick(146560,6,12,8,4)
flick(146656,6,12,8,16)
tap(146752,4,1)
flick(146752,8,12,8,4)
tap(147134,4,1)
flick(147134,4,12,8,16)
tap(147516,4,1)
flick(147516,8,12,8,4)
tap(147898,4,1)
flick(147898,4,12,8,16)
tap(148280,1,5)
tap(148280,1,0)
skyarea(148280,8,16,16,8,16,2,0,0,6115,654)
