chart(157.00,4.00)
hold(1529,1,1,2293)
tap(2102,1,2)
hold(2675,3,1,1147)
hold(4586,4,1,2293)
tap(5159,1,3)
hold(5732,2,1,1147)
hold(7643,1,1,1147)
hold(8217,3,1,573)
hold(8790,2,1,1146)
hold(10701,3,1,2293)
hold(11274,2,1,1720)
skyarea(13758,20,24,8,12,24,8,1,1,287,11)
flick(14045,7,12,6,4)
skyarea(14331,8,12,4,4,12,4,1,1,287,13)
flick(14618,5,12,6,4)
flick(14904,7,12,6,16)
flick(15096,5,12,6,4)
skyarea(15287,20,24,8,12,24,8,1,1,287,17)
flick(15574,7,12,6,4)
skyarea(15860,8,12,4,5,12,4,1,1,143,19)
skyarea(16003,5,12,4,8,12,4,2,2,143,19)
flick(16147,7,12,6,16)
flick(16433,5,12,6,4)
flick(16625,7,12,6,16)
skyarea(16815,4,24,8,12,24,8,1,1,287,23)
flick(17102,5,12,6,16)
skyarea(17388,4,12,4,8,12,4,1,1,287,25)
flick(17675,7,12,6,16)
flick(17961,5,12,6,4)
flick(18153,7,12,6,16)
skyarea(18344,4,24,8,12,24,8,1,1,287,29)
flick(18631,5,12,6,16)
skyarea(18917,4,12,4,7,12,4,1,1,144,31)
skyarea(19061,7,12,4,4,12,4,2,2,143,31)
flick(19204,5,12,6,4)
flick(19490,7,12,6,16)
flick(19682,5,12,6,4)
hold(19873,2,1,382)
skyarea(19873,9,12,4,6,12,4,1,1,191,36)
skyarea(20064,6,12,4,9,12,4,2,2,191,36)
flick(20255,12,24,8,16)
hold(20637,3,1,382)
skyarea(20637,3,12,4,6,12,4,1,1,191,39)
skyarea(20828,6,12,4,3,12,4,2,2,191,39)
flick(21019,12,24,8,4)
tap(21401,1,2)
flick(21401,4,12,4,16)
tap(21783,1,3)
flick(21783,8,12,4,4)
tap(22166,1,2)
flick(22166,4,12,4,16)
tap(22548,1,3)
flick(22548,8,12,4,4)
hold(22930,2,1,1529)
hold(22930,3,1,1529)
skyarea(22930,6,12,12,2,12,4,0,1,382,51)
skyarea(23312,2,12,4,6,12,4,2,2,382,51)
skyarea(23694,6,12,4,10,12,4,1,1,382,51)
skyarea(24076,10,12,4,6,12,12,2,2,383,51)
flick(24459,6,12,12,4)
skyarea(25223,6,12,12,6,12,2,0,0,191,53)
skyarea(25414,6,12,2,6,12,2,0,0,191,53)
flick(25605,6,12,2,16)
hold(25987,1,1,765)
hold(25987,2,1,765)
skyarea(25987,6,12,4,10,12,4,0,0,191,57)
skyarea(26178,10,12,4,2,12,4,1,1,383,57)
skyarea(26561,2,12,4,6,12,4,2,2,191,57)
flick(26752,18,24,12,4)
hold(27516,2,1,764)
hold(27516,3,1,764)
skyarea(27516,6,12,4,2,12,4,0,0,191,61)
skyarea(27707,2,12,4,10,12,4,1,1,382,61)
skyarea(28089,10,12,4,6,12,4,2,2,191,61)
flick(28280,3,12,6,16)
hold(29045,3,1,2293)
hold(29045,4,1,2293)
skyarea(29045,6,12,4,10,12,4,0,0,191,65)
skyarea(29236,20,24,8,4,24,8,1,1,286,65)
skyarea(29522,4,24,8,7,24,8,2,2,96,65)
skyarea(29809,6,12,4,10,12,4,0,0,191,66)
skyarea(30000,10,12,4,2,12,4,1,1,287,66)
skyarea(30287,4,24,8,7,24,8,2,2,95,66)
skyarea(30573,6,12,4,10,12,4,0,0,191,67)
skyarea(30764,20,24,8,4,24,8,1,1,335,67)
skyarea(31099,4,24,8,12,24,8,2,2,239,67)
flick(31338,10,12,4,4)
skyarea(31529,4,12,6,4,12,6,0,0,382,69)
hold(32102,3,1,764)
hold(32102,4,1,764)
skyarea(32102,6,12,4,2,12,4,0,0,191,72)
skyarea(32293,2,12,4,10,12,4,1,1,383,72)
skyarea(32676,10,12,4,6,12,4,2,2,191,72)
flick(32867,6,24,12,16)
hold(33631,2,1,764)
hold(33631,3,1,764)
skyarea(33631,6,12,4,10,12,4,0,0,191,76)
skyarea(33822,10,12,4,2,12,4,1,1,382,76)
skyarea(34204,2,12,4,6,12,4,2,2,191,76)
flick(34395,9,12,6,4)
hold(35159,2,1,2293)
hold(35159,1,1,2293)
skyarea(35160,6,12,4,2,12,4,0,0,191,80)
skyarea(35351,4,24,8,20,24,8,1,1,286,80)
skyarea(35637,20,24,8,17,24,8,2,2,96,80)
skyarea(35924,6,12,4,2,12,4,0,0,191,81)
skyarea(36115,2,12,4,10,12,4,1,1,287,81)
skyarea(36402,20,24,8,17,24,8,2,2,95,81)
skyarea(36688,6,12,4,2,12,4,0,0,191,82)
skyarea(36879,4,24,8,20,24,8,1,1,335,82)
skyarea(37214,20,24,8,12,24,8,2,2,239,82)
flick(37453,2,12,4,16)
tap(38217,1,1)
tap(38217,1,2)
tap(38599,1,2)
tap(38599,1,1)
tap(38981,1,1)
tap(38981,1,2)
tap(39363,1,1)
tap(39363,1,3)
tap(39745,1,1)
tap(39745,1,3)
tap(40127,1,3)
tap(40127,1,1)
tap(40510,1,1)
tap(40510,1,3)
tap(40701,1,1)
tap(40701,1,3)
tap(40892,1,3)
tap(40892,1,1)
tap(41274,1,0)
tap(41656,1,0)
tap(42038,1,0)
tap(42420,1,0)
tap(42803,1,0)
tap(43185,1,0)
tap(43567,1,0)
skyarea(43758,6,12,6,6,12,12,0,0,382,109)
tap(44331,1,4)
tap(44331,1,3)
tap(44713,1,4)
tap(44713,1,3)
tap(45096,1,3)
tap(45096,1,4)
tap(45478,1,4)
tap(45478,1,2)
tap(45860,1,4)
tap(45860,1,2)
tap(46242,1,4)
tap(46242,1,2)
tap(46624,1,2)
tap(46624,1,4)
tap(46815,1,2)
tap(46815,1,4)
tap(47006,1,4)
tap(47006,1,2)
tap(47389,1,5)
tap(47675,1,5)
tap(47962,1,5)
tap(48248,1,5)
tap(48535,1,5)
hold(48917,5,1,765)
skyarea(49682,6,12,12,6,12,6,0,0,382,134)
hold(50446,1,1,2293)
tap(51019,1,2)
hold(51592,3,1,1147)
flick(51975,9,12,6,4)
flick(52357,7,12,6,16)
flick(52739,9,12,6,4)
flick(52930,9,12,6,16)
flick(53121,9,12,6,4)
hold(53503,4,1,2293)
tap(54076,1,3)
hold(54649,2,1,1147)
flick(55032,3,12,6,16)
flick(55414,5,12,6,4)
flick(55796,3,12,6,16)
skyarea(55987,6,12,6,6,12,8,0,0,191,149)
hold(56560,1,1,1147)
hold(57134,3,1,573)
hold(57707,2,1,1146)
flick(58089,3,12,6,16)
flick(58471,5,12,6,4)
flick(58853,3,12,6,16)
flick(59045,3,12,6,4)
flick(59236,3,12,6,16)
hold(59618,5,1,2293)
flick(59618,4,16,8,4)
flick(59904,5,16,10,4)
flick(60191,6,16,12,4)
flick(60477,7,16,14,4)
flick(60764,6,12,12,4)
skyarea(61146,6,12,12,6,12,2,1,1,382,164)
skyarea(61528,6,12,2,6,12,2,1,1,383,164)
skyarea(62675,10,12,4,3,12,4,2,2,573,165)
skyarea(63248,3,12,4,9,12,4,0,0,191,165)
skyarea(63439,9,12,4,2,12,4,1,1,574,165)
skyarea(64013,2,12,4,10,12,4,2,2,955,165)
skyarea(64968,10,12,4,6,12,4,1,1,382,165)
skyarea(65350,6,12,4,10,12,4,2,2,382,165)
skyarea(65732,10,12,4,2,12,4,1,1,765,165)
skyarea(66497,2,12,4,6,12,4,1,1,382,165)
skyarea(66879,6,12,4,2,12,4,2,2,382,165)
skyarea(67261,2,12,4,10,12,4,0,0,382,165)
skyarea(67643,10,12,4,2,12,4,1,1,574,165)
skyarea(68790,2,12,4,9,12,4,2,2,573,166)
skyarea(69363,9,12,4,3,12,4,0,0,191,166)
skyarea(69554,3,12,4,10,12,4,1,1,574,166)
skyarea(70128,10,12,4,2,12,4,2,2,955,166)
skyarea(71083,2,12,4,10,12,4,2,2,764,166)
skyarea(71847,10,12,4,3,12,4,2,2,573,166)
skyarea(72420,3,12,4,9,12,4,0,0,191,166)
skyarea(72611,9,12,4,2,12,4,1,1,574,166)
skyarea(73185,2,12,4,10,12,4,2,2,955,166)
skyarea(74140,10,12,4,6,12,4,1,1,382,166)
hold(74904,4,1,2293)
tap(75477,1,3)
hold(76050,2,1,1147)
flick(76433,5,12,4,16)
flick(76815,7,12,4,4)
flick(77197,5,12,4,16)
hold(77961,1,1,2293)
tap(78534,1,2)
hold(79107,3,1,1147)
flick(79490,7,12,4,4)
flick(79873,5,12,4,16)
flick(80255,7,12,4,4)
hold(81018,4,1,1147)
hold(81592,2,1,573)
hold(82165,3,1,1146)
flick(82548,5,12,4,16)
flick(82930,7,12,4,4)
flick(83312,5,12,4,16)
flick(84076,8,12,4,4)
flick(84268,4,12,4,16)
flick(84459,8,12,4,4)
flick(84650,4,12,4,16)
flick(84841,8,12,4,4)
flick(85032,4,12,4,16)
flick(85223,8,12,4,4)
flick(85414,4,12,4,16)
skyarea(85605,6,12,8,6,12,2,1,1,573,193)
skyarea(86178,6,12,2,6,12,12,2,2,574,193)
skyarea(87134,3,12,6,2,12,4,1,1,286,194)
flick(87420,3,12,6,4)
skyarea(87898,5,12,6,4,12,4,1,1,287,196)
flick(88185,5,12,6,4)
skyarea(88662,7,12,6,6,12,4,1,1,287,198)
flick(88949,7,12,6,4)
skyarea(89427,9,12,6,8,12,4,1,1,286,200)
flick(89713,9,12,6,4)
skyarea(90191,9,12,6,10,12,4,1,1,286,202)
flick(90477,9,12,6,16)
skyarea(90955,7,12,6,8,12,4,1,1,287,204)
flick(91242,7,12,6,16)
skyarea(91719,5,12,6,6,12,4,1,1,287,206)
flick(92006,5,12,6,16)
skyarea(92484,3,12,6,4,12,4,1,1,286,208)
flick(92770,3,12,6,16)
skyarea(93248,8,16,16,2,12,4,0,1,191,210)
skyarea(93439,2,12,4,3,12,6,2,2,96,210)
flick(93535,6,12,12,4)
skyarea(93631,6,12,12,2,12,4,0,1,191,212)
skyarea(93822,2,12,4,3,12,6,2,2,96,212)
flick(93918,6,12,12,4)
skyarea(94013,6,12,12,2,12,4,0,1,191,214)
skyarea(94204,2,12,4,3,12,6,2,2,96,214)
flick(94300,6,12,12,4)
skyarea(94395,6,12,12,2,12,4,0,1,191,216)
skyarea(94586,2,12,4,3,12,6,2,2,96,216)
flick(94682,6,12,12,4)
skyarea(94777,6,12,12,10,12,4,1,2,191,218)
skyarea(94968,10,12,4,9,12,6,2,2,96,218)
flick(95064,6,12,12,16)
skyarea(95159,6,12,12,10,12,4,1,2,191,220)
skyarea(95350,10,12,4,9,12,6,2,2,96,220)
flick(95446,6,12,12,16)
skyarea(95541,6,12,12,10,12,4,1,2,191,222)
skyarea(95732,10,12,4,9,12,6,2,2,96,222)
flick(95828,6,12,12,16)
skyarea(95924,6,12,12,10,12,4,1,2,191,224)
skyarea(96115,10,12,4,9,12,6,2,2,96,224)
flick(96211,6,12,12,16)
flick(96306,8,12,4,4)
flick(96497,4,12,4,16)
flick(96688,8,12,4,4)
flick(96879,4,12,4,16)
flick(97070,8,12,4,4)
flick(97261,4,12,4,16)
flick(97452,8,12,4,4)
flick(97643,4,12,4,16)
flick(97834,6,12,12,4)
skyarea(98599,6,12,12,6,12,2,1,1,334,235)
skyarea(98981,6,12,2,6,12,2,2,2,95,236)
flick(99363,9,12,6,4)
skyarea(99363,20,24,8,20,24,8,1,0,287,238)
flick(99745,9,12,6,4)
skyarea(99745,20,24,8,20,24,8,1,0,287,240)
flick(100127,9,12,6,4)
skyarea(100127,20,24,8,20,24,8,1,0,287,242)
flick(100510,9,12,6,4)
skyarea(100510,20,24,8,20,24,8,1,0,287,244)
flick(100892,9,12,6,4)
skyarea(100892,20,24,8,20,24,8,1,0,287,246)
flick(101274,9,12,6,4)
skyarea(101274,20,24,8,20,24,8,1,0,287,248)
flick(101656,9,12,6,4)
skyarea(101656,20,24,8,20,24,8,1,0,287,250)
flick(102038,3,12,6,16)
flick(102229,9,12,6,4)
flick(102420,3,12,6,16)
skyarea(102420,4,24,8,4,24,8,0,1,287,254)
skyarea(102802,20,24,8,20,24,8,1,0,287,255)
flick(102803,9,12,6,4)
flick(103185,3,12,6,16)
skyarea(103185,4,24,8,4,24,8,0,1,287,258)
flick(103567,9,12,6,4)
skyarea(103567,20,24,8,20,24,8,1,0,287,260)
flick(103949,3,12,6,16)
skyarea(103949,4,24,8,4,24,8,0,1,287,262)
flick(104331,9,12,6,4)
skyarea(104331,20,24,8,20,24,8,1,0,287,264)
flick(104713,3,12,6,16)
skyarea(104904,16,24,12,20,24,8,1,1,192,266)
skyarea(105096,20,24,8,12,24,8,2,2,286,266)
flick(105478,3,12,6,16)
skyarea(105478,4,24,8,4,24,8,0,1,287,268)
flick(105860,3,12,6,16)
skyarea(105860,4,24,8,4,24,8,0,1,287,270)
flick(106242,3,12,6,16)
skyarea(106242,4,24,8,4,24,8,0,1,287,272)
flick(106624,3,12,6,16)
skyarea(106624,4,24,8,4,24,8,0,1,287,274)
flick(107006,3,12,6,16)
skyarea(107006,4,24,8,4,24,8,0,1,287,276)
skyarea(107388,4,24,8,4,24,8,0,1,287,277)
flick(107389,3,12,6,16)
flick(107771,3,12,6,16)
skyarea(107771,4,24,8,4,24,8,0,1,287,280)
flick(108153,3,12,6,16)
skyarea(108153,4,24,8,4,24,8,0,1,287,282)
flick(108535,9,12,6,4)
skyarea(108535,20,24,8,20,24,8,1,0,287,284)
flick(108917,3,12,6,16)
skyarea(108917,4,24,8,4,24,8,0,1,287,286)
flick(109299,12,24,12,4)
flick(109586,12,24,12,16)
flick(109873,12,24,12,4)
hold(110064,0,1,573)
skyarea(110064,12,24,24,3,24,6,0,1,573,291)
hold(110828,5,1,573)
skyarea(110828,12,24,24,21,24,6,1,2,573,293)
flick(111592,6,12,4,16)
skyarea(111688,3,12,6,3,12,6,0,0,191,295)
flick(111975,6,12,4,4)
skyarea(112070,9,12,6,9,12,6,0,0,191,297)
flick(112357,6,12,4,16)
skyarea(112452,3,12,6,3,12,6,0,0,191,299)
flick(112739,6,12,4,4)
skyarea(112834,9,12,6,9,12,6,1,0,191,301)
flick(113121,12,24,8,16)
skyarea(113217,3,12,6,3,12,6,1,0,191,303)
flick(113503,12,24,12,16)
skyarea(113599,3,12,6,3,12,6,1,0,191,305)
flick(113885,12,24,16,16)
skyarea(113981,3,12,6,3,12,6,1,0,191,307)
flick(114268,12,24,20,16)
skyarea(114363,3,12,6,3,12,6,1,0,191,309)
flick(114650,12,24,24,4)
skyarea(114745,9,12,6,9,12,6,1,0,191,311)
flick(115033,6,12,4,16)
skyarea(115127,3,12,6,3,12,6,1,0,191,313)
flick(115415,6,12,4,4)
skyarea(115510,9,12,6,9,12,6,1,0,191,315)
flick(115797,6,12,4,16)
skyarea(115892,3,12,6,3,12,6,1,0,191,317)
flick(116178,6,12,4,4)
flick(116369,6,12,4,16)
flick(116561,6,12,4,4)
skyarea(116943,6,12,4,6,12,6,1,1,382,321)
flick(117325,6,12,6,16)
flick(117707,6,12,4,4)
skyarea(117803,9,12,6,9,12,6,0,0,191,324)
flick(118090,6,12,4,16)
skyarea(118185,3,12,6,3,12,6,0,0,191,326)
flick(118472,6,12,4,4)
skyarea(118567,9,12,6,9,12,6,0,0,191,328)
flick(118854,6,12,4,16)
skyarea(118949,3,12,6,3,12,6,0,1,191,330)
flick(119236,12,24,8,4)
skyarea(119332,9,12,6,9,12,6,0,1,191,332)
flick(119618,12,24,12,4)
skyarea(119714,9,12,6,9,12,6,0,1,191,334)
flick(120000,12,24,16,4)
skyarea(120096,9,12,6,9,12,6,0,1,191,336)
flick(120383,12,24,20,4)
skyarea(120478,9,12,6,9,12,6,0,1,191,338)
flick(120764,12,24,24,16)
flick(121051,7,16,14,16)
flick(121338,6,16,12,16)
flick(121624,5,16,10,16)
flick(121911,4,16,8,16)
skyarea(122293,6,12,12,6,12,2,1,1,382,344)
skyarea(122675,6,12,2,6,12,2,1,1,383,344)
skyarea(123058,6,12,2,6,12,12,2,2,381,344)
hold(123822,4,1,2293)
flick(123822,6,12,2,4)
tap(124395,1,3)
hold(124968,2,1,1147)
flick(125350,3,12,6,16)
flick(125732,5,12,6,4)
flick(126115,3,12,6,16)
flick(126306,3,12,6,4)
flick(126497,3,12,6,16)
hold(126879,1,1,2293)
tap(127452,1,2)
hold(128026,3,1,1146)
flick(128408,9,12,6,4)
flick(128790,7,12,6,16)
flick(129172,9,12,6,4)
skyarea(129363,6,12,6,6,12,8,0,0,191,360)
hold(129937,4,1,2293)
tap(130510,1,3)
hold(131083,2,1,1147)
flick(131465,9,12,6,4)
flick(131847,7,12,6,16)
flick(132229,9,12,6,4)
flick(132420,9,12,6,16)
flick(132611,9,12,6,4)
hold(132994,0,1,2293)
flick(132994,12,16,8,16)
flick(133280,11,16,10,16)
flick(133567,10,16,12,16)
flick(133853,9,16,14,16)
flick(134140,6,12,12,16)
skyarea(134522,6,12,12,6,12,2,1,1,382,375)
skyarea(134904,6,12,2,6,12,2,1,1,383,375)
hold(136051,3,1,5541)
hold(136051,2,1,5541)
skyarea(136051,2,12,4,9,12,4,2,2,573,378)
skyarea(136624,9,12,4,3,12,4,0,0,191,378)
skyarea(136815,3,12,4,10,12,4,1,1,574,378)
skyarea(137389,10,12,4,2,12,4,2,2,955,378)
skyarea(138344,2,12,4,6,12,4,1,1,382,378)
skyarea(138726,6,12,4,2,12,4,2,2,382,378)
skyarea(139108,2,12,4,10,12,4,1,1,765,378)
skyarea(139873,10,12,4,6,12,4,1,1,382,378)
skyarea(140255,6,12,4,10,12,4,2,2,382,378)
skyarea(140637,10,12,4,2,12,4,0,0,382,378)
skyarea(141019,2,12,4,10,12,4,1,1,573,378)
hold(142166,5,1,1146)
skyarea(142166,10,12,4,3,12,4,2,2,573,380)
skyarea(142739,3,12,4,9,12,4,0,0,191,380)
skyarea(142930,9,12,4,2,12,4,1,1,574,380)
skyarea(143504,2,12,4,10,12,4,2,2,955,380)
skyarea(144459,10,12,4,6,12,4,1,1,382,380)
hold(143694,0,1,1147)
flick(145223,10,16,4,4)
flick(145414,6,16,4,16)
flick(145605,10,16,4,4)
flick(145796,6,16,4,16)
flick(145987,10,16,4,4)
flick(146178,6,16,4,16)
flick(146369,10,16,4,4)
flick(146560,6,16,4,16)
flick(146751,9,12,6,4)
tap(146752,1,5)
tap(147134,1,0)
flick(147134,3,12,6,16)
tap(147516,1,5)
flick(147516,9,12,6,4)
tap(147898,1,0)
flick(147898,3,12,6,16)
skyarea(148280,8,16,16,8,16,2,0,0,6115,398)
