chart(157.00,4.00)
lane(0,4,0)
lane(0,0,0)
tap(1529,1,1)
tap(2102,1,1)
hold(2675,1,1,1147)
tap(4586,1,2)
tap(5159,1,2)
hold(5732,2,1,1147)
tap(7643,1,3)
tap(8217,1,3)
hold(8790,3,1,1146)
tap(10701,1,2)
hold(11274,2,1,955)
skyarea(13758,9,12,4,4,12,4,0,0,764,11)
skyarea(14522,4,12,4,8,12,4,0,0,765,11)
skyarea(15287,8,12,4,2,12,4,0,0,764,11)
skyarea(16815,2,12,4,8,12,4,0,0,765,12)
skyarea(17580,8,12,4,4,12,4,0,0,764,12)
skyarea(18344,4,12,4,10,12,4,0,0,764,12)
flick(19873,6,12,6,16)
flick(20637,6,12,6,4)
flick(21401,6,12,8,16)
flick(22166,6,12,8,4)
skyarea(22930,10,12,4,6,12,12,0,0,764,17)
skyarea(23694,6,12,12,2,12,4,0,0,765,17)
flick(24459,3,12,6,4)
skyarea(25987,10,12,4,6,12,4,1,1,478,19)
skyarea(26465,6,12,4,8,12,4,2,2,287,19)
skyarea(27516,10,12,4,4,12,4,1,1,478,20)
skyarea(27994,4,12,4,6,12,4,2,2,286,20)
skyarea(29045,10,12,4,2,12,4,1,1,764,21)
skyarea(29809,2,12,4,10,12,4,1,1,764,21)
skyarea(30573,10,12,4,2,12,4,1,1,765,21)
skyarea(32102,2,12,4,6,12,4,1,1,478,22)
skyarea(32580,6,12,4,4,12,4,2,2,287,22)
skyarea(33631,2,12,4,8,12,4,1,1,478,23)
skyarea(34109,8,12,4,6,12,4,2,2,286,23)
skyarea(35160,2,12,4,10,12,4,1,1,764,24)
skyarea(35924,10,12,4,2,12,4,1,1,764,24)
flick(36688,6,12,12,4)
tap(38217,1,1)
tap(38981,1,1)
tap(39745,1,1)
tap(41274,1,2)
tap(42038,1,2)
tap(42803,1,2)
tap(44331,1,3)
tap(45096,1,3)
tap(45860,1,3)
hold(47389,2,1,1146)
tap(48917,1,2)
tap(50446,1,1)
tap(51019,1,1)
hold(51592,1,1,1147)
tap(53503,1,2)
tap(54076,1,2)
hold(54649,2,1,1147)
tap(56561,1,3)
tap(57134,1,3)
hold(57707,3,1,1147)
tap(59618,1,2)
hold(60191,2,1,955)
skyarea(62675,10,12,4,4,12,4,2,2,764,48)
skyarea(63439,4,12,4,10,12,4,1,1,765,48)
skyarea(64204,10,12,4,4,12,4,2,2,764,48)
skyarea(65732,8,12,4,2,12,4,1,1,765,49)
skyarea(66497,2,12,4,10,12,4,1,1,764,49)
skyarea(67261,10,12,4,2,12,4,1,1,764,49)
skyarea(68790,2,12,4,8,12,4,2,2,764,50)
skyarea(69554,8,12,4,2,12,4,1,1,765,50)
skyarea(70319,2,12,4,8,12,4,2,2,764,50)
skyarea(71847,4,12,4,10,12,4,1,1,765,51)
skyarea(72612,10,12,4,2,12,4,1,1,764,51)
tap(74904,1,3)
tap(75477,1,3)
hold(76050,3,1,1147)
tap(77961,1,2)
tap(78534,1,2)
hold(79107,2,1,1147)
tap(81018,1,1)
tap(81592,1,1)
hold(82165,1,1,1146)
tap(84076,1,2)
hold(84649,2,1,955)
skyarea(87134,3,12,6,3,12,4,1,1,382,63)
skyarea(87898,9,12,6,9,12,4,1,1,382,64)
skyarea(88662,4,12,6,4,12,4,1,1,383,65)
skyarea(89427,8,12,6,8,12,4,1,1,382,66)
skyarea(90191,3,12,6,3,12,4,1,1,382,67)
skyarea(90955,9,12,6,9,12,4,1,1,382,68)
skyarea(91719,4,12,6,4,12,4,1,1,383,69)
skyarea(92484,8,12,6,8,12,4,1,1,382,70)
skyarea(93248,3,12,6,2,12,4,0,0,669,71)
skyarea(94013,6,12,4,6,12,6,0,0,669,72)
skyarea(94777,9,12,6,10,12,4,0,0,669,73)
skyarea(95542,6,12,4,6,12,6,0,0,669,74)
skyarea(96306,2,12,4,6,12,12,0,0,764,75)
skyarea(97070,6,12,12,10,12,4,0,0,765,75)
flick(97835,9,12,6,16)
skyarea(99363,2,12,4,7,12,4,2,2,764,77)
skyarea(100127,7,12,4,7,12,4,0,0,383,77)
flick(100892,6,12,6,16)
flick(101656,6,12,6,4)
skyarea(102420,10,12,4,5,12,4,2,2,765,80)
skyarea(103185,5,12,4,5,12,4,0,0,382,80)
flick(103949,6,12,6,4)
flick(104713,6,12,6,16)
skyarea(105478,2,12,4,7,12,4,2,2,764,83)
skyarea(106242,7,12,4,7,12,4,0,0,382,83)
flick(107007,6,12,6,16)
flick(107771,6,12,6,4)
skyarea(108535,10,12,4,5,12,4,2,2,764,86)
skyarea(109299,5,12,4,5,12,4,0,0,383,86)
flick(110064,6,12,8,4)
hold(111592,5,1,765)
tap(113121,1,5)
tap(113885,1,5)
hold(114650,5,1,764)
tap(116178,1,5)
tap(116561,1,5)
tap(116943,1,5)
hold(117707,5,1,764)
tap(119236,1,5)
tap(120000,1,5)
hold(120764,5,1,1147)
tap(122293,1,5)
tap(123822,1,3)
tap(124395,1,3)
hold(124968,3,1,1147)
tap(126879,1,2)
tap(127452,1,2)
hold(128025,2,1,1147)
tap(129936,1,1)
tap(130510,1,1)
hold(131083,1,1,1146)
tap(132994,1,2)
hold(133567,2,1,955)
skyarea(136051,2,12,4,8,12,4,2,2,764,111)
skyarea(136815,8,12,4,2,12,4,1,1,765,111)
skyarea(137580,2,12,4,8,12,4,2,2,764,111)
skyarea(139108,4,12,4,10,12,4,1,1,765,112)
skyarea(139873,10,12,4,2,12,4,1,1,764,112)
skyarea(140637,2,12,4,10,12,4,1,1,764,112)
skyarea(142166,10,12,4,4,12,4,2,2,764,113)
skyarea(142930,4,12,4,10,12,4,1,1,765,113)
skyarea(143695,10,12,4,4,12,4,2,2,764,113)
skyarea(145223,8,12,4,2,12,4,1,1,765,114)
skyarea(145988,2,12,4,10,12,4,1,1,764,114)
skyarea(146752,10,12,4,2,12,4,2,2,764,114)
skyarea(148280,6,12,12,10,12,4,0,0,3822,115)
