chart(157.00,4.00)
lane(0,4,0)
tap(1529,1,1)
tap(2102,1,1)
hold(2675,1,1,4204)
tap(4586,1,2)
tap(5159,1,2)
hold(5732,2,1,1147)
tap(7643,1,3)
tap(8217,1,3)
hold(8790,3,1,4204)
tap(10701,1,2)
hold(11274,2,1,1720)
skyarea(13758,10,12,4,6,12,4,1,1,287,11)
skyarea(14331,4,12,4,8,12,4,1,1,382,12)
flick(14904,6,12,8,16)
skyarea(15287,2,12,4,6,12,4,1,1,287,14)
skyarea(15860,8,12,4,4,12,4,1,1,286,15)
flick(16433,6,12,8,4)
skyarea(16815,8,12,4,4,12,4,1,1,287,17)
skyarea(17389,6,12,4,10,12,4,1,1,286,18)
flick(17962,8,12,8,16)
skyarea(18344,4,12,4,8,12,4,1,1,287,20)
skyarea(18917,6,12,4,2,12,4,1,1,287,21)
flick(19491,4,12,8,4)
flick(19873,8,12,8,16)
flick(20637,4,12,8,4)
flick(21401,8,12,8,16)
flick(22166,4,12,8,4)
skyarea(22930,6,12,12,10,12,4,1,1,382,27)
skyarea(23312,10,12,4,6,12,4,2,2,382,27)
skyarea(23694,6,12,4,2,12,4,1,1,382,27)
skyarea(24076,2,12,4,6,12,12,1,2,383,27)
flick(24459,6,12,12,4)
skyarea(25987,9,12,6,10,12,4,1,1,191,29)
skyarea(26178,10,12,4,4,12,4,2,2,574,29)
flick(26752,6,12,8,4)
skyarea(27516,9,12,6,10,12,4,1,1,191,31)
skyarea(27707,10,12,4,2,12,4,2,2,573,31)
flick(28280,4,12,8,4)
skyarea(29045,9,12,6,10,12,4,1,1,191,33)
skyarea(29236,10,12,4,6,12,4,2,2,382,33)
skyarea(29809,3,12,6,2,12,4,2,1,191,34)
skyarea(30000,2,12,4,6,12,4,2,2,382,34)
skyarea(30573,9,12,6,10,12,4,1,0,191,35)
skyarea(30764,10,12,4,6,12,4,2,2,382,35)
flick(31338,6,12,6,4)
skyarea(31529,6,12,6,6,12,6,2,2,382,37)
skyarea(32102,3,12,6,2,12,4,1,1,191,38)
skyarea(32293,2,12,4,8,12,4,2,2,574,38)
flick(32867,6,12,8,16)
skyarea(33631,3,12,6,2,12,4,1,1,191,40)
skyarea(33822,2,12,4,10,12,4,2,2,573,40)
flick(34395,8,12,8,16)
skyarea(35160,3,12,6,2,12,4,1,1,191,42)
skyarea(35351,2,12,4,6,12,4,2,2,382,42)
skyarea(35924,9,12,6,10,12,4,1,2,191,43)
skyarea(36115,10,12,4,6,12,4,2,2,382,43)
skyarea(36688,3,12,6,2,12,4,0,1,191,44)
skyarea(36879,2,12,4,6,12,4,2,2,382,44)
flick(37453,6,12,6,16)
tap(38217,1,1)
tap(38599,1,1)
tap(38981,1,1)
tap(39745,1,1)
tap(40127,1,1)
tap(40510,1,1)
tap(41274,1,2)
tap(41656,1,2)
tap(42038,1,2)
tap(42803,1,2)
tap(43185,1,2)
tap(43567,1,2)
tap(44331,1,3)
tap(44713,1,3)
tap(45096,1,3)
tap(45860,1,3)
tap(46242,1,3)
tap(46624,1,3)
tap(47389,1,5)
tap(47962,1,5)
tap(48535,1,5)
tap(48917,1,5)
lane(49682,1,0)
lane(49682,4,1)
tap(50446,1,4)
tap(51019,1,4)
hold(51592,4,1,4204)
tap(53503,1,3)
tap(54076,1,3)
hold(54649,3,1,1147)
tap(56561,1,2)
tap(57134,1,2)
hold(57707,2,1,3439)
tap(59618,1,3)
hold(60191,3,1,955)
flick(61146,6,12,8,4)
skyarea(62675,10,12,4,6,12,4,2,2,573,80)
skyarea(63248,6,12,4,8,12,4,0,0,191,80)
skyarea(63439,8,12,4,2,12,4,1,1,765,80)
skyarea(64204,2,12,4,10,12,4,2,2,764,80)
skyarea(64968,10,12,4,4,12,4,2,2,764,80)
skyarea(65732,4,12,4,10,12,4,1,1,765,80)
skyarea(66497,10,12,4,2,12,4,1,1,764,80)
skyarea(67261,2,12,4,8,12,4,1,1,382,80)
skyarea(67643,8,12,4,4,12,4,1,1,382,80)
skyarea(68790,2,12,4,8,12,4,2,2,573,81)
skyarea(69363,8,12,4,4,12,4,0,0,191,81)
skyarea(69554,4,12,4,10,12,4,1,1,765,81)
skyarea(70319,10,12,4,2,12,4,2,2,1146,81)
skyarea(71465,2,12,4,8,12,4,0,0,382,81)
skyarea(71847,8,12,4,2,12,4,1,1,765,81)
skyarea(72612,2,12,4,10,12,4,1,1,764,81)
skyarea(73376,10,12,4,2,12,4,2,2,764,81)
flick(74140,4,12,8,4)
tap(74904,1,4)
tap(75477,1,4)
hold(76050,4,1,4204)
tap(77961,1,3)
tap(78534,1,3)
hold(79107,3,1,1147)
tap(81019,1,2)
tap(81592,1,2)
hold(82166,2,1,3439)
tap(84076,1,3)
hold(84650,3,1,955)
skyarea(87134,10,12,4,10,12,4,2,2,286,94)
flick(87420,9,12,6,16)
skyarea(87898,10,12,4,10,12,4,2,2,286,96)
flick(88184,9,12,6,16)
skyarea(88662,10,12,4,10,12,4,2,2,286,98)
flick(88948,9,12,6,16)
skyarea(89427,10,12,4,10,12,4,2,2,286,100)
flick(89713,9,12,6,16)
skyarea(90191,2,12,4,2,12,4,2,2,286,102)
flick(90477,3,12,6,4)
skyarea(90955,2,12,4,2,12,4,2,2,286,104)
flick(91241,3,12,6,4)
skyarea(91720,2,12,4,2,12,4,2,2,286,106)
flick(92006,3,12,6,4)
skyarea(92484,2,12,4,2,12,4,2,2,286,108)
flick(92770,3,12,6,4)
skyarea(93248,10,12,4,10,12,4,2,2,287,110)
skyarea(93631,4,12,4,4,12,4,2,2,286,111)
skyarea(94013,8,12,4,8,12,4,2,2,286,112)
flick(94395,6,12,8,16)
skyarea(94777,2,12,4,2,12,4,2,2,287,114)
skyarea(95160,8,12,4,8,12,4,2,2,286,115)
skyarea(95542,4,12,4,4,12,4,2,2,286,116)
flick(95924,6,12,8,4)
skyarea(96306,6,12,12,10,12,4,1,1,382,118)
skyarea(96688,10,12,4,6,12,4,2,2,382,118)
skyarea(97070,6,12,4,2,12,4,1,1,382,118)
skyarea(97452,2,12,4,6,12,12,2,2,382,118)
flick(97834,6,12,12,4)
skyarea(99363,8,12,8,10,12,4,1,1,382,120)
skyarea(99745,10,12,4,6,12,4,1,1,382,120)
flick(100127,8,12,8,4)
flick(100892,4,12,8,16)
flick(101274,8,12,8,4)
flick(101656,4,12,8,16)
skyarea(102420,4,12,8,2,12,4,1,1,382,125)
skyarea(102802,2,12,4,6,12,4,1,1,382,125)
flick(103184,4,12,8,16)
flick(103949,8,12,8,4)
flick(104331,4,12,8,16)
flick(104713,8,12,8,4)
skyarea(104904,6,12,8,6,12,8,1,1,383,130)
skyarea(105477,8,12,8,10,12,4,1,1,382,131)
skyarea(105859,10,12,4,6,12,4,1,1,382,131)
flick(106241,8,12,8,4)
flick(107006,4,12,8,16)
flick(107388,8,12,8,4)
flick(107770,4,12,8,16)
skyarea(108534,4,12,8,2,12,4,1,1,382,136)
skyarea(108916,2,12,4,6,12,4,1,1,382,136)
flick(109298,4,12,8,16)
skyarea(110064,6,12,12,6,12,12,0,0,764,138)
flick(110828,6,12,12,16)
tap(111592,1,5)
tap(111975,1,5)
tap(112357,1,5)
hold(113121,5,1,382)
hold(113885,5,1,383)
tap(114650,1,5)
tap(115033,1,5)
tap(115415,1,5)
hold(116179,5,1,382)
tap(116943,1,5)
tap(117706,1,0)
tap(118089,1,0)
tap(118471,1,0)
hold(119235,0,1,382)
hold(119999,0,1,383)
tap(120764,1,0)
tap(121338,1,0)
tap(121911,1,0)
tap(122293,1,0)
lane(123057,4,0)
lane(123057,1,1)
tap(123822,1,1)
tap(124395,1,1)
hold(124968,1,1,4204)
tap(126879,1,2)
tap(127452,1,2)
hold(128025,2,1,1147)
tap(129936,1,3)
tap(130510,1,3)
hold(131083,3,1,3439)
tap(132994,1,2)
hold(133567,2,1,955)
skyarea(136051,2,12,4,8,12,4,2,2,573,170)
skyarea(136624,8,12,4,4,12,4,0,0,191,170)
skyarea(136815,4,12,4,10,12,4,1,1,765,170)
skyarea(137580,10,12,4,2,12,4,2,2,764,170)
skyarea(138344,2,12,4,8,12,4,2,2,764,170)
skyarea(139108,8,12,4,2,12,4,1,1,765,170)
skyarea(139873,2,12,4,10,12,4,1,1,764,170)
skyarea(140637,10,12,4,4,12,4,1,1,382,170)
skyarea(141019,4,12,4,8,12,4,1,1,382,170)
skyarea(142166,10,12,4,4,12,4,2,2,573,171)
skyarea(142739,4,12,4,8,12,4,0,0,191,171)
skyarea(142930,8,12,4,2,12,4,1,1,765,171)
skyarea(143695,2,12,4,10,12,4,2,2,1146,171)
skyarea(144841,10,12,4,4,12,4,0,0,382,171)
skyarea(145223,4,12,4,10,12,4,1,1,765,171)
skyarea(145988,10,12,4,2,12,4,1,1,764,171)
skyarea(146752,2,12,4,10,12,4,2,2,764,171)
skyarea(148280,10,12,4,2,12,4,0,0,3822,172)
