chart(152.00,4.00)
skyarea(789,2,10,4,8,10,4,0,0,790,0)
skyarea(1579,8,10,4,7,10,4,0,0,2960,0)
tap(1579,1,1)
tap(1974,1,1)
tap(2368,1,1)
tap(2664,1,1)
hold(2862,1,1,99)
tap(3158,1,2)
tap(3553,1,2)
tap(3947,1,2)
tap(4342,1,2)
flick(4539,9,20,18,16)
tap(4737,1,4)
skyarea(4737,2,10,4,3,10,4,0,0,2960,12)
tap(5132,1,4)
tap(5526,1,4)
tap(5822,1,4)
hold(6020,4,1,98)
tap(6316,1,3)
tap(6711,1,3)
tap(7105,1,3)
tap(7500,1,3)
flick(7697,11,20,18,4)
tap(7895,1,0)
skyarea(7895,16,20,8,10,20,8,0,0,2960,23)
tap(8289,1,0)
tap(8684,1,0)
tap(8980,1,0)
hold(9178,0,1,98)
tap(9474,1,0)
tap(9868,1,0)
tap(10263,1,0)
tap(10658,1,0)
flick(10855,7,20,14,16)
tap(11053,1,5)
skyarea(11053,4,20,8,10,20,8,0,0,2763,34)
tap(11447,1,5)
tap(11842,1,5)
tap(12138,1,5)
hold(12336,5,1,98)
tap(12632,1,5)
tap(13026,1,5)
tap(13421,1,5)
tap(13618,1,5)
flick(13816,13,20,14,4)
tap(14211,1,1)
tap(14408,1,2)
tap(14605,1,3)
tap(14803,1,2)
tap(15000,1,1)
tap(15197,1,2)
tap(15395,1,3)
tap(15592,1,1)
tap(15789,1,4)
tap(15987,1,3)
tap(16184,1,2)
tap(16382,1,3)
tap(16579,1,4)
tap(16776,1,3)
tap(16974,1,2)
tap(17171,1,4)
tap(17368,1,1)
tap(17566,1,2)
tap(17763,1,3)
tap(17961,1,1)
tap(18158,1,3)
tap(18355,1,2)
tap(18553,1,1)
tap(18750,1,3)
tap(18947,1,4)
tap(19145,1,3)
tap(19342,1,2)
tap(19539,1,4)
tap(19737,1,2)
tap(19934,1,3)
tap(20132,1,4)
tap(20329,1,2)
tap(20526,1,5)
tap(20724,1,4)
tap(20921,1,5)
tap(21118,1,3)
tap(21316,1,5)
tap(21513,1,2)
tap(21711,1,5)
tap(21908,1,3)
tap(22105,1,0)
tap(22303,1,1)
tap(22500,1,0)
tap(22697,1,2)
tap(22895,1,0)
tap(23092,1,3)
tap(23289,1,0)
tap(23487,1,2)
tap(23684,1,5)
tap(23882,1,5)
tap(24079,1,0)
tap(24276,1,0)
tap(24474,1,5)
tap(24671,1,5)
tap(24868,1,0)
tap(25066,1,0)
skyarea(25263,16,20,8,6,20,6,1,1,198,100)
skyarea(25461,6,20,6,10,20,6,2,2,197,100)
skyarea(25658,10,20,6,14,20,6,1,1,197,100)
skyarea(25855,14,20,6,4,20,8,2,2,198,100)
tap(26053,1,0)
flick(26053,4,20,8,16)
tap(26447,1,5)
flick(26447,16,20,8,4)
tap(26842,1,0)
flick(26842,10,20,20,16)
skyarea(27237,3,20,6,10,20,6,1,1,197,107)
skyarea(27434,10,20,6,3,20,6,2,2,198,107)
skyarea(27632,3,20,6,10,20,6,1,1,197,107)
skyarea(27829,10,20,6,3,20,6,2,2,197,107)
skyarea(28026,3,20,6,10,20,6,1,1,198,107)
skyarea(28421,16,20,8,16,20,8,1,1,197,108)
flick(28618,16,20,8,4)
skyarea(28816,4,20,8,4,20,8,1,1,197,110)
flick(29013,4,20,8,16)
tap(29211,1,5)
flick(29211,16,20,8,4)
tap(29605,1,5)
flick(29605,10,20,20,16)
tap(30000,1,5)
flick(30000,16,20,8,4)
skyarea(30395,3,20,6,4,20,6,0,0,98,118)
skyarea(30592,10,20,6,11,20,6,0,0,99,119)
skyarea(30789,5,20,6,6,20,6,0,0,99,120)
skyarea(30987,12,20,6,13,20,6,0,0,99,121)
skyarea(31184,7,20,6,8,20,6,0,0,99,122)
skyarea(31382,14,20,6,15,20,6,0,0,98,123)
skyarea(31579,17,20,6,10,20,6,1,1,197,124)
skyarea(31776,10,20,6,17,20,6,2,2,198,124)
tap(31974,1,0)
flick(31974,10,20,20,16)
tap(32368,1,0)
flick(32368,10,20,20,4)
tap(32763,1,0)
flick(32763,10,20,20,16)
tap(33158,1,5)
flick(33158,10,20,20,4)
skyarea(33553,17,20,6,10,20,6,1,1,197,133)
skyarea(33750,10,20,6,17,20,6,2,2,198,133)
skyarea(33948,17,20,6,10,20,6,1,1,197,133)
skyarea(34145,10,20,6,17,20,6,2,2,197,133)
skyarea(34342,17,20,6,10,20,6,1,1,198,133)
skyarea(34737,4,20,8,4,20,8,1,1,197,134)
flick(34934,4,20,8,16)
skyarea(35132,16,20,8,16,20,8,1,1,197,136)
flick(35329,16,20,8,4)
tap(35526,1,0)
flick(35527,4,20,8,16)
tap(35921,1,0)
flick(35921,10,20,20,4)
tap(36316,1,0)
flick(36316,4,20,8,16)
skyarea(36711,17,20,6,16,20,6,0,0,98,144)
skyarea(36908,10,20,6,9,20,6,0,0,99,145)
skyarea(37105,15,20,6,14,20,6,0,0,99,146)
skyarea(37303,8,20,6,7,20,6,0,0,99,147)
skyarea(37500,13,20,6,12,20,6,0,0,99,148)
skyarea(37698,6,20,6,5,20,6,0,0,98,149)
skyarea(37895,3,20,6,10,20,6,1,1,197,150)
skyarea(38092,10,20,6,3,20,6,2,2,198,150)
tap(38289,1,5)
flick(38290,10,20,20,4)
tap(38684,1,5)
flick(38684,10,20,20,16)
tap(39079,1,5)
flick(39079,10,20,20,4)
tap(39474,1,0)
flick(39474,5,10,10,16)
tap(39868,1,0)
flick(39868,3,10,4,4)
flick(40066,6,10,4,16)
tap(40263,1,0)
flick(40263,4,10,4,4)
flick(40461,7,10,4,16)
tap(40658,1,0)
flick(40658,5,10,4,4)
flick(40855,8,10,4,16)
tap(41053,1,0)
skyarea(41053,17,20,6,16,20,6,0,0,98,169)
skyarea(41250,10,20,6,9,20,6,0,0,99,170)
tap(41447,1,0)
skyarea(41447,15,20,6,14,20,6,0,0,99,172)
skyarea(41645,8,20,6,7,20,6,0,0,99,173)
tap(41842,1,0)
skyarea(41842,13,20,6,9,20,6,0,0,395,175)
tap(42237,1,5)
flick(42237,13,20,14,4)
tap(42434,1,5)
tap(42632,1,5)
flick(42632,6,12,12,16)
tap(43026,1,5)
flick(43026,6,20,8,4)
flick(43224,12,20,8,16)
tap(43421,1,5)
flick(43421,8,20,8,4)
flick(43618,14,20,8,16)
tap(43816,1,5)
flick(43816,10,20,8,4)
flick(44013,16,20,8,16)
tap(44211,1,5)
skyarea(44211,17,20,6,16,20,6,0,0,98,191)
skyarea(44408,10,20,6,9,20,6,0,0,99,192)
tap(44605,1,5)
flick(44605,10,20,8,4)
tap(45000,1,5)
flick(45000,10,20,8,16)
tap(45197,1,1)
tap(45395,1,2)
tap(45592,1,3)
tap(45789,1,5)
flick(45789,5,10,10,4)
tap(46183,1,5)
flick(46183,7,10,4,16)
flick(46381,4,10,4,4)
tap(46578,1,5)
flick(46578,6,10,4,16)
flick(46776,3,10,4,4)
tap(46973,1,5)
flick(46973,5,10,4,16)
flick(47170,2,10,4,4)
tap(47368,1,5)
skyarea(47368,3,20,6,4,20,6,0,0,98,212)
skyarea(47565,10,20,6,11,20,6,0,0,99,213)
tap(47762,1,5)
skyarea(47762,5,20,6,6,20,6,0,0,99,215)
skyarea(47960,12,20,6,13,20,6,0,0,99,216)
tap(48157,1,5)
skyarea(48157,7,20,6,11,20,6,0,0,395,218)
tap(48552,1,0)
flick(48552,7,20,14,16)
tap(48749,1,0)
tap(48947,1,0)
flick(48947,6,12,12,4)
tap(49341,1,0)
flick(49341,14,20,8,16)
flick(49539,8,20,8,4)
tap(49736,1,0)
flick(49736,12,20,8,16)
flick(49933,6,20,8,4)
tap(50131,1,0)
flick(50131,10,20,8,16)
flick(50328,4,20,8,4)
tap(50526,1,0)
skyarea(50526,3,20,6,4,20,6,0,0,98,234)
skyarea(50723,10,20,6,11,20,6,0,0,99,235)
tap(50920,1,0)
flick(50920,10,20,8,16)
tap(51315,1,0)
flick(51315,10,20,8,16)
tap(51512,1,4)
tap(51710,1,3)
tap(51907,1,2)
hold(52105,1,1,987)
skyarea(52105,4,20,8,10,20,8,2,2,1579,244)
skyarea(53684,10,20,8,16,20,8,1,1,1579,244)
skyarea(55263,16,20,8,10,20,8,2,2,1579,244)
skyarea(56842,10,20,8,4,20,8,1,1,1579,244)
skyarea(58421,4,20,8,10,20,8,2,2,1579,244)
skyarea(60000,10,20,8,16,20,8,1,1,1579,244)
tap(53289,1,2)
hold(53487,3,1,395)
tap(54079,1,1)
hold(54276,2,1,395)
tap(54868,1,3)
hold(55066,4,1,987)
tap(56250,1,3)
tap(56447,1,2)
hold(56645,3,1,394)
tap(57237,1,4)
hold(57434,2,1,395)
tap(58026,1,4)
tap(58125,1,3)
hold(58224,2,1,987)
tap(59408,1,3)
tap(59605,1,2)
hold(59803,1,1,394)
tap(60395,1,2)
hold(60592,2,1,395)
tap(61184,1,3)
hold(61382,3,1,986)
flick(61579,10,20,20,16)
flick(61974,10,20,20,4)
tap(62368,1,2)
flick(62368,10,20,8,16)
tap(62566,1,3)
flick(62566,10,20,8,4)
tap(62763,1,2)
flick(62763,10,20,8,16)
tap(62961,1,3)
flick(62961,10,20,8,4)
skyarea(62961,10,20,8,16,20,8,1,1,246,276)
skyarea(63207,16,20,8,10,20,8,2,2,247,276)
skyarea(63454,10,20,8,4,20,8,1,1,246,276)
skyarea(63700,4,20,8,10,20,8,2,2,247,276)
skyarea(63947,10,20,8,10,20,20,1,1,247,276)
skyarea(64194,10,20,20,10,20,16,2,2,148,276)
flick(64342,10,20,16,16)
tap(64737,1,5)
flick(64737,8,20,16,4)
skyarea(64737,10,20,6,3,20,6,0,0,2763,280)
tap(65132,1,5)
flick(65132,8,20,16,4)
tap(65526,1,5)
flick(65526,8,20,16,4)
tap(65921,1,5)
flick(65921,8,20,16,4)
tap(66316,1,5)
flick(66316,8,20,16,4)
tap(66711,1,5)
flick(66711,8,20,16,4)
tap(67105,1,5)
flick(67105,8,20,16,4)
tap(67500,1,5)
flick(67500,8,20,16,4)
flick(67697,8,20,16,16)
tap(67895,1,5)
flick(67895,12,20,16,4)
skyarea(67895,10,20,6,7,20,6,0,0,1184,298)
tap(68289,1,5)
flick(68289,12,20,16,4)
tap(68684,1,5)
flick(68684,12,20,16,4)
tap(69079,1,5)
flick(69079,12,20,16,4)
tap(69474,1,3)
tap(69474,1,2)
flick(69474,6,12,12,16)
tap(69671,1,3)
tap(69671,1,2)
flick(69671,6,12,12,4)
tap(70066,1,3)
tap(70066,1,2)
flick(70066,6,12,12,16)
tap(70263,1,3)
tap(70263,1,2)
flick(70263,6,12,12,4)
skyarea(70658,5,20,8,5,20,4,0,0,99,317)
skyarea(70855,15,20,8,15,20,4,0,0,99,318)
tap(71053,1,0)
flick(71053,12,20,16,16)
skyarea(71053,10,20,6,17,20,6,0,0,2763,321)
tap(71448,1,0)
flick(71448,12,20,16,16)
tap(71842,1,0)
flick(71842,12,20,16,16)
tap(72237,1,0)
flick(72237,12,20,16,16)
tap(72632,1,0)
flick(72632,12,20,16,16)
tap(73027,1,0)
flick(73027,12,20,16,16)
tap(73421,1,0)
flick(73421,12,20,16,16)
tap(73816,1,0)
flick(73816,12,20,16,16)
flick(74013,12,20,16,4)
tap(74211,1,0)
flick(74211,8,20,16,16)
skyarea(74211,10,20,6,13,20,6,0,0,1184,339)
tap(74605,1,0)
flick(74605,8,20,16,16)
tap(75000,1,0)
flick(75000,8,20,16,16)
tap(75395,1,0)
flick(75395,8,20,16,16)
tap(75789,1,0)
tap(75789,1,5)
skyarea(75789,4,20,8,15,20,6,1,1,395,348)
skyarea(76184,15,20,6,10,20,6,2,2,395,348)
skyarea(76579,10,20,6,5,20,6,1,1,395,348)
skyarea(76974,5,20,6,16,20,8,2,2,394,348)
hold(77368,1,1,198)
flick(77368,10,20,20,16)
tap(77961,1,1)
flick(77961,10,20,20,4)
tap(78158,1,0)
flick(78158,6,20,12,16)
tap(78355,1,1)
tap(78553,1,2)
tap(78750,1,3)
tap(78947,1,4)
tap(79145,1,3)
tap(79342,1,2)
tap(79539,1,1)
tap(79737,1,0)
tap(79934,1,1)
tap(80132,1,2)
tap(80329,1,3)
hold(80526,4,1,198)
flick(80526,10,20,20,4)
tap(81118,1,4)
flick(81119,10,20,20,16)
tap(81316,1,5)
flick(81316,14,20,12,4)
tap(81513,1,4)
tap(81711,1,3)
tap(81908,1,2)
tap(82105,1,1)
tap(82303,1,2)
tap(82500,1,3)
tap(82697,1,4)
tap(82895,1,5)
tap(83092,1,4)
tap(83289,1,3)
tap(83487,1,2)
hold(83684,1,1,198)
flick(83684,6,12,12,16)
skyarea(84276,10,20,4,10,20,4,0,0,25,385)
skyarea(84326,10,20,4,10,20,4,0,0,24,386)
skyarea(84375,10,20,4,10,20,4,0,0,25,387)
skyarea(84425,10,20,4,10,20,4,0,0,24,388)
skyarea(84474,10,20,4,10,20,4,0,0,25,389)
skyarea(84524,10,20,4,10,20,4,0,0,24,390)
skyarea(84572,10,20,4,10,20,4,0,0,25,391)
skyarea(84622,10,20,4,10,20,4,0,0,24,392)
skyarea(84671,10,20,4,10,20,4,0,0,25,393)
hold(84868,4,1,198)
flick(84868,10,20,20,4)
tap(85263,1,4)
tap(85461,1,3)
tap(85658,1,2)
tap(85855,1,1)
tap(86053,1,0)
flick(86053,6,20,12,16)
tap(86250,1,1)
tap(86447,1,2)
tap(86645,1,3)
tap(86842,1,1)
tap(87039,1,2)
tap(87237,1,3)
tap(87434,1,4)
tap(87632,1,5)
flick(87632,14,20,12,4)
tap(87829,1,4)
tap(88026,1,3)
tap(88224,1,2)
tap(88421,1,1)
tap(88618,1,1)
tap(88816,1,0)
flick(88816,14,20,12,16)
tap(89211,1,0)
flick(89211,10,20,12,16)
tap(89605,1,0)
flick(89605,6,20,12,16)
tap(90000,1,4)
tap(90197,1,4)
tap(90395,1,5)
flick(90395,6,20,12,4)
tap(90789,1,5)
flick(90789,10,20,12,4)
tap(91184,1,5)
flick(91184,14,20,12,4)
skyarea(91579,16,20,8,6,20,6,1,1,197,430)
skyarea(91776,6,20,6,10,20,6,2,2,198,430)
skyarea(91974,10,20,6,14,20,6,1,1,197,430)
skyarea(92171,14,20,6,4,20,8,2,2,197,430)
tap(92961,1,2)
tap(93059,1,3)
hold(93158,4,1,789)
skyarea(93158,3,20,6,5,20,6,0,0,2960,434)
tap(94145,1,2)
tap(94342,1,3)
tap(94539,1,4)
hold(94737,2,1,789)
tap(95724,1,4)
tap(95822,1,3)
tap(95921,1,2)
flick(96118,11,20,18,4)
hold(96316,1,1,789)
skyarea(96316,17,20,6,15,20,6,0,0,2763,444)
tap(97303,1,1)
tap(97401,1,2)
tap(97500,1,3)
tap(97697,1,2)
hold(97895,3,1,592)
tap(98684,1,1)
tap(98882,1,3)
flick(99079,9,20,18,16)
tap(99474,1,5)
skyarea(99474,3,20,6,9,20,6,0,0,2960,454)
tap(99868,1,5)
tap(100263,1,5)
tap(100559,1,5)
hold(100757,5,1,98)
tap(101053,1,5)
tap(101447,1,5)
tap(101842,1,5)
tap(102237,1,5)
flick(102434,13,20,14,4)
tap(102632,1,0)
skyarea(102632,17,20,6,11,20,6,0,0,2763,465)
tap(103026,1,0)
tap(103421,1,0)
tap(103717,1,0)
hold(103915,0,1,98)
tap(104211,1,0)
tap(104605,1,0)
tap(105000,1,0)
tap(105197,1,0)
flick(105395,7,20,14,16)
hold(105789,4,1,790)
flick(106184,6,20,12,4)
tap(106776,1,4)
tap(106974,1,3)
flick(106974,7,10,6,16)
tap(107171,1,2)
hold(107368,1,1,790)
flick(107763,3,10,6,4)
tap(108355,1,4)
tap(108454,1,3)
tap(108553,1,2)
flick(108553,7,10,6,16)
tap(108750,1,3)
hold(108947,4,1,790)
flick(109342,3,10,6,4)
tap(109934,1,4)
tap(110033,1,3)
tap(110132,1,2)
flick(110132,7,10,6,16)
tap(110329,1,1)
hold(110526,1,1,790)
flick(110921,3,10,6,4)
skyarea(111316,6,20,6,6,20,6,1,0,98,497)
skyarea(111513,10,20,6,10,20,6,1,0,99,498)
skyarea(111711,14,20,6,14,20,6,1,0,98,499)
hold(112105,1,1,790)
flick(112500,7,10,6,16)
tap(113092,1,1)
flick(113289,3,10,6,4)
tap(113290,1,2)
tap(113487,1,3)
hold(113684,4,1,790)
flick(114079,7,10,6,16)
tap(114671,1,1)
tap(114770,1,2)
tap(114868,1,3)
flick(114868,3,10,6,4)
tap(115066,1,2)
hold(115263,5,1,1184)
flick(115658,7,10,6,16)
flick(116447,3,10,6,4)
tap(116645,1,2)
tap(116842,1,3)
skyarea(116842,5,10,2,5,10,6,1,1,296,518)
skyarea(117138,5,10,6,5,10,2,2,2,296,518)
tap(117434,1,0)
flick(117434,3,10,6,16)
tap(117829,1,0)
flick(117829,7,10,6,4)
hold(118421,4,1,790)
skyarea(118421,8,10,4,4,10,4,1,1,395,524)
skyarea(118816,4,10,4,8,10,4,2,2,395,524)
flick(119211,6,10,8,16)
tap(119408,1,4)
tap(119605,1,3)
tap(119803,1,2)
hold(120000,1,1,789)
skyarea(120000,2,10,4,6,10,4,1,1,395,530)
skyarea(120395,6,10,4,2,10,4,2,2,395,530)
flick(120790,4,10,8,4)
tap(120987,1,1)
tap(121184,1,2)
tap(121382,1,3)
hold(121579,4,1,789)
skyarea(121579,8,10,4,4,10,4,1,1,395,536)
skyarea(121974,4,10,4,17,20,6,2,2,394,536)
flick(122369,6,10,8,16)
tap(122566,1,4)
tap(122664,1,3)
tap(122763,1,2)
tap(122961,1,1)
hold(123158,1,1,789)
skyarea(123158,2,10,4,6,10,4,1,1,395,543)
skyarea(123553,12,20,8,3,20,6,2,2,394,543)
flick(123948,4,10,8,4)
tap(124145,1,1)
tap(124342,1,2)
tap(124539,1,3)
hold(124737,4,1,790)
skyarea(124737,16,20,8,8,20,6,1,1,395,549)
skyarea(125132,8,20,6,17,20,6,2,2,394,549)
flick(125527,6,10,8,16)
tap(125724,1,4)
tap(125921,1,3)
tap(126118,1,2)
hold(126316,1,1,789)
skyarea(126316,4,20,8,12,20,6,1,1,395,555)
skyarea(126711,12,20,6,3,20,6,2,2,394,555)
flick(127106,4,10,8,4)
tap(127303,1,1)
tap(127401,1,2)
tap(127500,1,3)
tap(127697,1,4)
hold(127895,0,1,2368)
skyarea(127895,16,20,8,3,20,6,1,1,592,562)
skyarea(128487,3,20,6,10,20,6,2,2,593,562)
skyarea(129080,10,20,6,17,20,6,1,1,591,562)
skyarea(129671,17,20,6,4,20,8,2,2,592,562)
tap(130263,1,5)
flick(130263,10,20,20,4)
tap(130658,1,5)
flick(130658,10,20,20,16)
tap(131053,1,2)
tap(131053,1,3)
flick(131053,10,20,16,4)
tap(131447,1,2)
tap(131447,1,3)
flick(131447,10,20,10,4)
tap(131842,1,2)
tap(131842,1,3)
flick(131842,10,20,4,4)
skyarea(132237,10,20,20,10,20,20,2,2,49,576)
skyarea(132336,10,20,20,10,20,20,2,2,49,577)
skyarea(132632,7,20,14,3,20,6,1,1,197,578)
skyarea(132829,3,20,6,3,20,6,1,1,1184,578)
tap(133026,1,4)
tap(133224,1,3)
tap(133421,1,4)
tap(133618,1,2)
tap(133816,1,4)
tap(133914,1,3)
tap(134013,1,2)
skyarea(134211,13,20,14,17,20,6,1,1,197,586)
skyarea(134408,17,20,6,17,20,6,1,1,1184,586)
tap(134605,1,1)
tap(134803,1,2)
tap(135000,1,1)
tap(135197,1,3)
tap(135395,1,1)
tap(135493,1,2)
tap(135592,1,3)
tap(135789,1,0)
flick(135789,6,12,12,16)
tap(135987,1,0)
flick(135987,6,12,12,16)
tap(136382,1,5)
flick(136382,6,12,12,4)
tap(136974,1,5)
flick(136974,6,12,12,4)
skyarea(137368,7,20,14,3,20,6,1,1,197,602)
skyarea(137565,3,20,6,3,20,6,1,1,1184,602)
tap(137763,1,4)
tap(137961,1,3)
tap(138158,1,4)
tap(138257,1,3)
tap(138355,1,2)
tap(138553,1,4)
tap(138651,1,3)
tap(138750,1,2)
skyarea(138947,13,20,14,17,20,6,1,1,197,611)
skyarea(139144,17,20,6,17,20,6,1,1,1184,611)
tap(139342,1,1)
tap(139539,1,2)
tap(139737,1,1)
tap(139836,1,2)
tap(139934,1,3)
tap(140132,1,1)
tap(140230,1,2)
tap(140329,1,3)
flick(140526,6,20,12,16)
tap(140921,1,2)
flick(140921,14,20,12,4)
tap(141020,1,3)
tap(141118,1,4)
tap(141316,1,3)
flick(141316,6,20,12,16)
tap(141414,1,2)
tap(141513,1,1)
tap(141711,1,2)
flick(141711,14,20,12,4)
tap(141908,1,3)
hold(142105,0,1,1579)
skyarea(142105,16,20,8,5,20,6,1,1,395,633)
skyarea(142500,5,20,6,10,20,6,2,2,395,633)
skyarea(142895,10,20,6,15,20,6,1,1,395,633)
skyarea(143290,15,20,6,4,20,8,2,2,394,633)
tap(143684,1,5)
flick(143684,10,20,20,4)
