chart(152.00,4.00)
lane(0,4,0)
tap(1579,1,1)
tap(1974,1,1)
tap(2368,1,1)
hold(2664,2,1,99)
tap(3158,1,3)
tap(3553,1,3)
tap(3947,1,3)
flick(4342,6,12,6,4)
lane(4342,1,0)
lane(4342,4,1)
tap(4737,1,4)
tap(5132,1,4)
tap(5526,1,4)
hold(5822,3,1,99)
tap(6316,1,2)
tap(6711,1,2)
tap(7105,1,2)
flick(7500,6,12,6,16)
lane(7500,1,1)
lane(7500,4,0)
tap(7895,1,0)
tap(8289,1,0)
tap(8684,1,0)
hold(8980,0,1,99)
tap(9474,1,0)
tap(9868,1,0)
tap(10263,1,0)
tap(10658,1,0)
tap(11053,1,5)
tap(11447,1,5)
tap(11842,1,5)
hold(12138,5,1,99)
tap(12632,1,5)
tap(13026,1,5)
tap(13421,1,5)
tap(13816,1,5)
tap(14211,1,1)
tap(14408,1,1)
tap(14605,1,1)
tap(15000,1,2)
tap(15197,1,2)
tap(15395,1,2)
tap(15789,1,3)
tap(15987,1,3)
tap(16184,1,3)
tap(16579,1,2)
tap(16776,1,2)
tap(16974,1,2)
tap(17368,1,1)
tap(17566,1,2)
tap(17763,1,3)
tap(18158,1,1)
tap(18355,1,2)
tap(18553,1,3)
tap(18947,1,2)
tap(19145,1,2)
tap(19342,1,3)
tap(19539,1,3)
flick(19737,4,8,4,4)
lane(19737,1,0)
lane(19737,4,1)
tap(20526,1,4)
tap(20724,1,4)
tap(20920,1,4)
tap(21315,1,3)
tap(21513,1,3)
tap(21710,1,3)
tap(22104,1,2)
tap(22303,1,2)
tap(22499,1,2)
tap(22894,1,3)
tap(23092,1,3)
tap(23289,1,3)
tap(23683,1,4)
tap(23882,1,3)
tap(24079,1,2)
tap(24474,1,4)
tap(24671,1,3)
tap(24868,1,2)
hold(25263,5,1,790)
skyarea(26053,3,12,6,2,12,4,1,1,296,74)
skyarea(26447,9,12,6,10,12,4,1,1,296,75)
flick(26842,6,12,12,16)
skyarea(27237,2,12,4,6,12,4,0,0,197,77)
skyarea(27434,6,12,4,4,12,4,0,0,198,77)
skyarea(27632,4,12,4,10,12,4,0,0,394,77)
flick(28026,8,12,8,16)
skyarea(28421,6,12,4,9,12,4,1,1,197,79)
skyarea(28618,9,12,4,6,12,4,2,2,198,79)
skyarea(28816,6,12,4,3,12,4,1,1,197,79)
skyarea(29211,4,12,8,5,24,10,1,1,197,80)
skyarea(29605,8,12,8,19,24,10,1,1,197,81)
flick(30000,6,12,12,16)
skyarea(30395,8,10,4,8,10,4,1,1,394,83)
skyarea(30789,5,10,6,5,10,6,1,1,395,83)
skyarea(31184,2,10,4,2,10,4,1,1,395,83)
flick(31579,3,10,6,4)
skyarea(31974,9,12,6,10,12,4,1,1,197,85)
skyarea(32368,6,12,8,6,12,4,1,1,198,86)
skyarea(32763,3,12,6,2,12,4,1,1,198,87)
flick(33158,6,12,12,4)
skyarea(33553,10,12,4,6,12,4,0,0,197,89)
skyarea(33750,6,12,4,8,12,4,0,0,198,89)
skyarea(33948,8,12,4,2,12,4,0,0,394,89)
flick(34342,4,12,8,4)
skyarea(34737,6,12,4,3,12,4,1,1,197,91)
skyarea(34934,3,12,4,6,12,4,2,2,198,91)
skyarea(35132,6,12,4,9,12,4,1,1,197,91)
skyarea(35527,8,12,8,19,24,10,1,1,197,92)
skyarea(35921,4,12,8,5,24,10,1,1,197,93)
flick(36316,6,12,12,4)
skyarea(36711,2,10,4,2,10,4,1,1,394,95)
skyarea(37105,5,10,6,5,10,6,1,1,395,95)
skyarea(37500,8,10,4,8,10,4,1,1,395,95)
flick(37895,7,10,6,16)
skyarea(38290,9,12,6,10,12,4,1,1,197,97)
skyarea(38684,6,12,8,6,12,4,1,1,198,98)
skyarea(39079,3,12,6,2,12,4,1,1,198,99)
hold(39474,4,1,4737)
hold(39474,3,1,4737)
flick(39868,8,12,6,4)
flick(40066,8,12,6,16)
flick(40263,8,12,6,4)
flick(40461,8,12,6,16)
flick(40658,8,12,6,4)
skyarea(41053,10,12,4,6,12,4,0,0,394,107)
skyarea(41447,6,12,4,6,12,4,0,0,395,107)
skyarea(41842,6,12,4,2,12,4,0,0,395,107)
flick(42237,3,12,6,4)
flick(42434,3,12,6,16)
flick(42632,6,12,12,4)
flick(43026,4,12,6,16)
flick(43224,4,12,6,4)
flick(43421,4,12,6,16)
flick(43618,4,12,6,4)
flick(43816,4,12,6,16)
skyarea(44605,6,12,12,10,12,4,1,1,395,116)
lane(45000,4,0)
lane(45000,1,1)
hold(45789,2,1,4737)
hold(45789,1,1,4737)
flick(46183,4,12,6,16)
flick(46381,4,12,6,4)
flick(46578,4,12,6,16)
flick(46776,4,12,6,4)
flick(46973,4,12,6,16)
skyarea(47368,2,12,4,6,12,4,0,0,395,124)
skyarea(47763,6,12,4,6,12,4,0,0,395,124)
skyarea(48158,6,12,4,10,12,4,0,0,395,124)
flick(48552,9,12,6,16)
flick(48749,9,12,6,4)
flick(48947,6,12,12,16)
flick(49341,8,12,6,4)
flick(49539,8,12,6,16)
flick(49736,8,12,6,4)
flick(49933,8,12,6,16)
flick(50131,8,12,6,4)
skyarea(50526,6,12,12,2,12,4,1,1,395,133)
flick(50921,3,12,6,4)
flick(51316,9,12,6,16)
hold(52105,1,1,987)
tap(53289,1,2)
hold(53487,3,1,395)
tap(54079,1,2)
hold(54276,1,1,395)
tap(54868,1,2)
hold(55066,3,1,987)
tap(56250,1,3)
tap(56447,1,2)
hold(56645,1,1,394)
tap(57237,1,2)
tap(57434,1,1)
tap(58026,1,4)
lane(58026,4,1)
lane(58026,1,0)
hold(58224,4,1,987)
tap(59408,1,4)
tap(59605,1,3)
hold(59803,2,1,394)
tap(60395,1,3)
hold(60592,4,1,395)
tap(61184,1,3)
hold(61382,2,1,789)
tap(62368,1,3)
tap(62566,1,2)
tap(62763,1,3)
hold(62961,4,1,986)
skyarea(63947,3,12,6,9,12,4,1,1,395,161)
skyarea(64342,9,12,4,7,12,4,2,2,197,161)
lane(63947,4,0)
lane(63947,1,1)
tap(64737,1,2)
tap(64737,1,1)
tap(65132,1,1)
tap(65132,1,2)
tap(65526,1,3)
tap(65526,1,2)
tap(65921,1,2)
tap(65921,1,3)
tap(66316,1,3)
tap(66316,1,1)
tap(66711,1,3)
tap(66711,1,1)
hold(67105,1,1,296)
hold(67105,3,1,296)
tap(67500,1,3)
tap(67500,1,1)
tap(67895,1,2)
tap(67895,1,1)
tap(68289,1,2)
tap(68289,1,1)
tap(68684,1,2)
tap(68684,1,3)
tap(69079,1,2)
tap(69079,1,3)
tap(69474,1,5)
tap(69671,1,5)
tap(70066,1,5)
tap(70263,1,5)
flick(70658,6,12,12,4)
lane(70658,4,1)
lane(70658,1,0)
tap(71053,1,4)
tap(71053,1,3)
tap(71448,1,4)
tap(71448,1,3)
tap(71842,1,3)
tap(71842,1,2)
tap(72237,1,2)
tap(72237,1,3)
tap(72632,1,2)
tap(72632,1,4)
tap(73027,1,2)
tap(73027,1,4)
hold(73421,4,1,296)
hold(73421,2,1,296)
tap(73816,1,2)
tap(73816,1,4)
tap(74211,1,3)
tap(74211,1,4)
tap(74605,1,3)
tap(74605,1,4)
tap(75000,1,2)
tap(75000,1,3)
tap(75395,1,2)
tap(75395,1,3)
hold(75789,0,1,1185)
lane(76974,4,0)
lane(76974,1,1)
hold(77368,1,1,198)
hold(77961,1,1,197)
flick(78158,9,12,6,16)
tap(78553,1,1)
tap(78750,1,1)
tap(78947,1,2)
tap(79145,1,2)
tap(79342,1,3)
tap(79539,1,3)
flick(79737,3,12,6,16)
hold(80526,4,1,198)
lane(80526,4,1)
lane(80526,1,0)
hold(81119,4,1,197)
flick(81316,3,12,6,4)
tap(81711,1,4)
tap(81908,1,4)
tap(82105,1,3)
tap(82303,1,3)
tap(82500,1,2)
tap(82697,1,2)
flick(82895,9,12,6,4)
skyarea(83684,3,12,6,2,12,4,1,1,198,236)
skyarea(84276,6,12,4,6,12,2,0,0,198,237)
skyarea(84474,6,12,2,6,12,4,0,0,197,237)
skyarea(84868,9,12,6,10,12,4,1,1,198,238)
hold(85263,4,1,198)
tap(85658,1,3)
tap(85855,1,3)
tap(86053,1,2)
tap(86250,1,2)
tap(86447,1,4)
hold(86842,1,1,197)
lane(86842,4,0)
lane(86842,1,1)
tap(87237,1,2)
tap(87434,1,2)
tap(87632,1,3)
tap(87829,1,3)
tap(88026,1,1)
hold(88421,2,1,1184)
skyarea(88816,3,12,6,2,12,4,0,1,197,252)
flick(89211,9,12,6,4)
skyarea(89605,3,12,6,2,12,4,0,1,197,254)
hold(90000,3,1,1184)
skyarea(90395,9,12,6,10,12,4,1,0,197,256)
flick(90789,3,12,6,16)
skyarea(91184,9,12,6,10,12,4,1,0,197,258)
skyarea(91579,9,12,6,3,12,4,1,1,395,259)
skyarea(91974,3,12,4,5,12,4,2,2,197,259)
hold(93158,1,1,789)
tap(94145,1,3)
tap(94342,1,2)
tap(94539,1,1)
hold(94737,3,1,592)
tap(95724,1,2)
tap(95921,1,3)
tap(96118,1,2)
hold(96316,4,1,789)
lane(96316,4,1)
lane(96316,1,0)
tap(97303,1,2)
tap(97500,1,3)
tap(97697,1,4)
hold(97895,2,1,592)
tap(98684,1,3)
tap(98882,1,2)
tap(99079,1,3)
tap(99474,1,5)
tap(99868,1,5)
tap(100263,1,5)
hold(100559,5,1,99)
tap(101053,1,5)
flick(101447,6,12,6,16)
flick(101842,6,12,6,4)
flick(102237,6,12,6,16)
tap(102632,1,0)
tap(103026,1,0)
tap(103421,1,0)
hold(103717,0,1,99)
tap(104211,1,0)
skyarea(104605,2,12,4,6,12,4,1,1,395,289)
skyarea(105000,6,12,4,10,12,4,2,2,395,289)
lane(105395,4,0)
lane(105395,1,1)
hold(105789,1,1,790)
tap(106184,1,2)
tap(106776,1,3)
tap(106974,1,2)
tap(107171,1,1)
hold(107368,3,1,790)
tap(107763,1,2)
tap(108355,1,1)
tap(108553,1,2)
tap(108750,1,3)
hold(108947,1,1,790)
tap(109342,1,2)
tap(109934,1,3)
tap(110132,1,2)
tap(110329,1,3)
hold(110526,2,1,592)
skyarea(111316,3,12,4,3,12,4,1,1,99,306)
skyarea(111514,6,12,4,6,12,4,1,1,98,307)
skyarea(111711,9,12,4,9,12,4,1,1,99,308)
hold(112105,4,1,790)
lane(112105,1,0)
lane(112105,4,1)
tap(112500,1,3)
tap(113092,1,2)
tap(113290,1,3)
tap(113487,1,4)
hold(113684,2,1,790)
tap(114079,1,3)
tap(114671,1,4)
tap(114869,1,3)
tap(115066,1,2)
hold(115263,4,1,790)
tap(115658,1,3)
tap(116645,1,2)
hold(116842,3,1,592)
flick(117434,3,12,6,16)
flick(117829,9,12,6,4)
hold(118421,4,1,5526)
skyarea(118421,10,12,4,4,12,6,1,1,395,326)
skyarea(118816,4,12,6,10,12,4,2,2,395,326)
flick(119211,8,12,8,16)
skyarea(119408,10,12,4,10,12,4,0,2,99,328)
skyarea(119605,7,12,4,7,12,4,0,2,99,329)
skyarea(119803,4,12,4,4,12,4,0,2,98,330)
skyarea(120000,2,12,4,8,12,6,1,1,395,331)
skyarea(120395,8,12,6,2,12,4,2,2,395,331)
flick(120790,4,12,8,4)
skyarea(120987,2,12,4,2,12,4,2,0,99,333)
skyarea(121184,5,12,4,5,12,4,2,0,99,334)
skyarea(121382,8,12,4,8,12,4,2,0,98,335)
skyarea(121579,10,12,4,5,12,4,1,1,395,336)
skyarea(121974,5,12,4,10,12,4,2,2,394,336)
flick(122369,8,12,8,16)
skyarea(122566,9,12,4,9,12,4,1,1,99,338)
skyarea(122764,6,12,4,6,12,4,1,1,98,339)
skyarea(122961,3,12,4,3,12,4,1,1,99,340)
skyarea(123158,2,12,4,7,12,4,1,1,395,341)
skyarea(123553,7,12,4,2,12,4,2,2,394,341)
flick(123948,4,12,8,4)
skyarea(124145,3,12,4,3,12,4,1,1,99,343)
skyarea(124343,6,12,4,6,12,4,1,1,98,344)
skyarea(124540,9,12,4,9,12,4,1,1,99,345)
hold(124737,1,1,5526)
skyarea(124737,10,12,4,3,12,6,1,1,395,347)
skyarea(125132,3,12,6,10,12,4,2,2,394,347)
lane(124737,4,0)
lane(124737,1,1)
flick(125527,8,12,8,16)
skyarea(125724,10,12,4,10,12,4,0,2,98,349)
skyarea(125921,7,12,4,7,12,4,0,2,99,350)
skyarea(126118,4,12,4,4,12,4,0,2,99,351)
skyarea(126316,2,12,4,9,12,6,1,1,395,352)
skyarea(126711,9,12,6,2,12,4,2,2,394,352)
flick(127106,4,12,8,4)
skyarea(127303,2,12,4,2,12,4,2,0,98,354)
skyarea(127500,5,12,4,5,12,4,2,0,99,355)
skyarea(127697,8,12,4,8,12,4,2,0,99,356)
skyarea(127895,9,12,4,6,12,4,2,2,395,357)
skyarea(128290,6,12,4,3,12,4,1,1,394,357)
skyarea(128684,3,12,4,6,12,4,2,2,395,357)
skyarea(129079,6,12,4,9,12,4,1,1,394,357)
skyarea(129473,9,12,4,6,12,4,2,2,396,357)
skyarea(129869,6,12,4,3,12,4,1,1,394,357)
flick(130263,5,12,8,4)
flick(130658,7,12,8,16)
flick(131053,6,12,2,4)
flick(131447,6,12,4,4)
flick(131842,6,12,6,4)
lane(132237,1,0)
lane(132237,4,1)
tap(132632,1,3)
tap(132632,1,4)
skyarea(132632,2,12,4,2,12,4,1,1,1184,365)
tap(133026,1,4)
tap(133026,1,3)
tap(133421,1,3)
tap(133421,1,4)
tap(133816,1,4)
tap(134013,1,4)
tap(134211,1,3)
tap(134211,1,4)
skyarea(134211,4,12,4,4,12,4,1,1,1184,374)
tap(134605,1,4)
tap(134605,1,3)
tap(135000,1,3)
tap(135000,1,4)
tap(135395,1,3)
tap(135395,1,4)
tap(135789,1,5)
tap(135987,1,5)
tap(136382,1,5)
flick(136974,6,12,12,16)
lane(136974,4,0)
lane(136974,1,1)
tap(137368,1,1)
tap(137368,1,2)
skyarea(137368,10,12,4,10,12,4,1,1,1184,387)
tap(137763,1,2)
tap(137763,1,1)
tap(138158,1,1)
tap(138158,1,2)
tap(138553,1,2)
tap(138553,1,1)
tap(138947,1,2)
tap(138947,1,1)
skyarea(138947,8,12,4,8,12,4,1,1,1184,396)
tap(139342,1,1)
tap(139342,1,2)
tap(139737,1,2)
tap(139737,1,1)
tap(140132,1,1)
tap(140329,1,1)
flick(140526,3,12,6,16)
flick(140921,9,12,6,4)
flick(141316,3,12,6,16)
flick(141711,9,12,6,4)
hold(142105,5,1,1579)
skyarea(142105,10,12,4,6,12,4,2,2,790,408)
skyarea(142895,6,12,4,2,12,4,1,1,789,408)
flick(143684,6,12,12,4)
