chart(152.00,4.00)
lane(0,4,0)
lane(0,0,0)
tap(1579,1,1)
tap(1974,1,1)
tap(2368,1,1)
tap(3158,1,2)
tap(3553,1,2)
tap(3947,1,2)
tap(4737,1,3)
tap(5132,1,3)
tap(5526,1,3)
tap(6316,1,2)
tap(6711,1,2)
tap(7105,1,2)
tap(7895,1,5)
tap(8289,1,5)
tap(8684,1,5)
tap(9474,1,5)
tap(9868,1,5)
tap(10263,1,5)
tap(11053,1,5)
tap(11447,1,5)
tap(11842,1,5)
tap(12632,1,5)
tap(13026,1,5)
tap(13421,1,5)
tap(14211,1,1)
tap(14605,1,1)
tap(15000,1,2)
tap(15789,1,2)
tap(16184,1,2)
tap(16579,1,3)
tap(17368,1,3)
tap(17763,1,3)
tap(18158,1,2)
tap(18947,1,2)
tap(19342,1,2)
tap(19737,1,1)
tap(20526,1,1)
tap(20921,1,1)
tap(21316,1,3)
tap(22105,1,3)
tap(22500,1,3)
tap(22895,1,1)
tap(23684,1,1)
tap(24079,1,1)
tap(24474,1,3)
tap(25263,1,3)
tap(25263,1,2)
skyarea(26053,9,12,4,9,12,4,1,1,197,47)
skyarea(26447,3,12,4,3,12,4,1,1,198,48)
skyarea(26842,9,12,4,9,12,4,2,1,790,49)
skyarea(27632,9,12,4,3,12,4,0,0,394,49)
skyarea(28026,3,12,4,9,12,4,0,0,395,49)
flick(28421,6,12,10,16)
skyarea(29211,3,12,4,3,12,4,0,0,197,51)
skyarea(29605,9,12,4,9,12,4,0,0,198,52)
skyarea(30000,3,12,4,3,12,4,0,0,395,53)
skyarea(30395,3,12,4,9,12,4,0,0,394,53)
skyarea(30789,9,12,4,9,12,4,0,0,395,53)
skyarea(31974,3,12,4,3,12,4,0,0,197,54)
skyarea(32368,6,12,4,6,12,4,0,0,198,55)
skyarea(32763,9,12,4,9,12,4,0,0,198,56)
skyarea(33158,3,12,4,3,12,4,1,2,790,57)
skyarea(33948,3,12,4,9,12,4,0,0,394,57)
skyarea(34342,9,12,4,3,12,4,0,0,395,57)
flick(34737,6,12,10,4)
skyarea(35527,9,12,4,9,12,4,0,0,197,59)
skyarea(35921,3,12,4,3,12,4,0,0,198,60)
skyarea(36316,9,12,4,9,12,4,0,0,395,61)
skyarea(36711,9,12,4,3,12,4,0,0,394,61)
skyarea(37105,3,12,4,3,12,4,0,0,395,61)
skyarea(38290,9,12,4,9,12,4,0,0,197,62)
skyarea(38684,6,12,4,6,12,4,0,0,198,63)
skyarea(39079,3,12,4,3,12,4,0,0,198,64)
skyarea(39474,9,12,4,9,12,4,0,1,394,65)
skyarea(39868,9,12,4,3,12,4,1,1,593,65)
skyarea(40461,3,12,4,9,12,4,2,2,592,65)
flick(41053,6,12,10,16)
skyarea(42237,6,12,6,6,12,6,2,2,197,67)
skyarea(42632,9,12,4,9,12,4,2,2,394,68)
skyarea(43026,9,12,4,3,12,4,0,0,395,68)
skyarea(43421,3,12,4,3,12,4,0,0,395,68)
skyarea(44211,6,12,8,6,12,8,0,0,394,69)
flick(44605,6,12,8,4)
skyarea(45789,3,12,4,3,12,4,1,0,394,71)
skyarea(46183,3,12,4,9,12,4,1,1,593,71)
skyarea(46776,9,12,4,3,12,4,2,2,592,71)
flick(47368,6,12,10,4)
skyarea(48158,9,12,4,9,12,4,0,0,197,73)
skyarea(48553,3,12,4,3,12,4,0,0,197,74)
skyarea(48947,9,12,4,9,12,4,0,0,395,75)
skyarea(49342,9,12,4,3,12,4,0,0,395,75)
skyarea(49737,3,12,4,3,12,4,0,0,395,75)
flick(50920,6,12,8,4)
flick(51316,6,12,8,16)
hold(52105,1,1,1184)
hold(53487,1,1,592)
hold(54276,2,1,592)
hold(55066,2,1,1381)
hold(56645,3,1,592)
hold(57434,3,1,592)
hold(58224,2,1,1381)
hold(59803,2,1,592)
hold(60592,1,1,592)
hold(61382,1,1,789)
tap(62368,1,1)
tap(62566,1,1)
tap(62763,1,1)
tap(62961,1,1)
tap(64737,1,2)
tap(64737,1,1)
tap(65526,1,2)
tap(65526,1,1)
tap(66316,1,2)
tap(66316,1,3)
tap(67105,1,2)
tap(67105,1,3)
tap(67895,1,1)
tap(67895,1,2)
tap(68684,1,2)
tap(68684,1,1)
tap(69474,1,3)
tap(69474,1,1)
tap(70263,1,1)
tap(70263,1,3)
hold(71053,2,1,394)
hold(71053,1,1,394)
hold(71842,2,1,395)
hold(71842,1,1,395)
hold(72632,2,1,394)
hold(72632,3,1,394)
hold(73421,3,1,395)
hold(73421,2,1,395)
hold(74211,3,1,394)
hold(74211,1,1,394)
hold(75000,3,1,395)
hold(75000,1,1,395)
tap(75789,1,1)
tap(75789,1,3)
skyarea(77368,3,12,4,9,12,4,1,1,395,122)
skyarea(77763,9,12,4,9,12,4,1,1,395,122)
flick(78158,7,12,8,16)
skyarea(78947,6,12,8,8,12,4,0,0,790,124)
flick(79737,6,12,8,16)
skyarea(80132,6,12,6,6,12,6,0,0,197,126)
skyarea(80526,9,12,4,3,12,4,1,1,395,127)
skyarea(80921,3,12,4,3,12,4,1,1,395,127)
flick(81316,5,12,8,4)
skyarea(82105,6,12,8,4,12,4,0,0,790,129)
flick(82895,6,12,8,4)
skyarea(83289,6,12,6,6,12,6,0,0,198,131)
skyarea(83684,6,12,10,6,12,10,0,0,198,132)
flick(84868,6,12,10,16)
skyarea(85263,2,12,4,6,12,4,2,2,790,134)
flick(86053,8,12,8,4)
skyarea(86842,10,12,4,6,12,4,2,2,790,136)
flick(87632,4,12,8,16)
flick(88816,8,12,8,4)
flick(89211,8,12,8,16)
flick(89605,8,12,8,4)
flick(90395,4,12,8,16)
flick(90790,4,12,8,4)
flick(91184,4,12,8,16)
skyarea(91579,2,12,4,6,12,4,1,1,395,144)
skyarea(91974,6,12,4,10,12,4,2,2,394,144)
hold(93158,1,1,789)
tap(94342,1,1)
hold(94737,2,1,789)
tap(95921,1,2)
hold(96316,3,1,789)
tap(97500,1,3)
hold(97895,2,1,789)
tap(99079,1,2)
tap(99474,1,5)
tap(99868,1,5)
tap(100263,1,5)
tap(101053,1,5)
tap(101447,1,5)
tap(101842,1,5)
tap(102632,1,5)
tap(103026,1,5)
tap(103421,1,5)
tap(103816,1,5)
hold(104211,5,1,789)
hold(105789,1,1,790)
tap(106776,1,1)
tap(106974,1,1)
hold(107368,2,1,790)
tap(108355,1,2)
tap(108553,1,2)
hold(108947,3,1,790)
tap(109934,1,3)
tap(110132,1,3)
hold(110526,2,1,395)
tap(111316,1,2)
tap(111711,1,2)
hold(112105,1,1,790)
tap(113092,1,1)
tap(113289,1,1)
hold(113684,3,1,790)
tap(114671,1,3)
tap(114868,1,3)
hold(115263,2,1,1184)
tap(116645,1,2)
tap(116842,1,2)
tap(117434,1,5)
tap(117829,1,5)
skyarea(118421,9,12,6,2,12,4,1,1,987,187)
flick(119408,3,12,6,4)
flick(119605,3,12,6,16)
skyarea(120000,3,12,6,10,12,4,1,1,987,190)
flick(120987,9,12,6,16)
flick(121184,9,12,6,4)
skyarea(121579,10,12,4,4,12,4,1,1,789,193)
flick(122368,5,12,6,4)
flick(122763,4,12,8,16)
skyarea(123158,2,12,4,8,12,4,1,1,789,196)
flick(123947,7,12,6,16)
flick(124342,8,12,8,4)
skyarea(124737,10,12,4,2,12,4,1,1,987,199)
flick(125724,4,12,8,4)
flick(125921,4,12,8,16)
skyarea(126316,2,12,4,10,12,4,1,1,987,202)
flick(127303,8,12,8,16)
flick(127500,8,12,8,4)
skyarea(127895,9,12,6,5,12,4,1,1,592,205)
skyarea(128487,5,12,4,6,12,4,2,2,197,205)
skyarea(128684,6,12,4,7,12,4,1,1,198,205)
skyarea(128882,7,12,4,3,12,6,2,2,592,205)
flick(131053,6,12,8,4)
flick(131447,6,12,6,4)
flick(131842,6,12,4,4)
tap(133026,1,1)
tap(133421,1,1)
tap(133816,1,1)
tap(134605,1,2)
tap(135000,1,2)
tap(135395,1,2)
flick(135789,6,12,6,16)
flick(135987,6,12,6,4)
flick(136382,6,12,6,16)
tap(137763,1,3)
tap(138158,1,3)
tap(138553,1,3)
tap(139342,1,2)
tap(139737,1,2)
tap(140132,1,2)
tap(140526,1,5)
tap(140921,1,5)
tap(141316,1,5)
tap(141711,1,5)
hold(142105,5,1,1184)
flick(143684,6,12,12,4)
