chart(191.00,4.00)
hold(2513,2,2,2042)
skyarea(2513,12,24,8,12,24,10,0,0,942,1)
skyarea(3455,12,24,12,12,24,10,0,0,629,1)
skyarea(4084,12,24,8,12,24,8,0,0,471,1)
flick(3455,12,24,12,16)
flick(4555,12,24,8,4)
hold(5026,3,2,2042)
skyarea(5026,16,24,8,16,24,10,0,0,943,5)
skyarea(5969,16,24,12,16,24,10,0,0,628,5)
skyarea(6597,16,24,8,16,24,8,0,0,471,5)
flick(5969,16,24,12,16)
flick(7068,16,24,8,4)
hold(7539,1,2,2042)
skyarea(7539,8,24,8,8,24,10,0,0,943,9)
skyarea(8482,8,24,12,8,24,10,0,0,628,9)
skyarea(9110,8,24,8,8,24,8,0,0,471,9)
flick(8482,8,24,12,4)
flick(9581,8,24,8,16)
hold(10052,2,2,2042)
skyarea(10052,12,24,8,12,24,10,0,0,942,13)
skyarea(10994,12,24,12,12,24,10,0,0,629,13)
skyarea(11623,12,24,8,12,24,8,0,0,471,13)
flick(10994,12,24,12,4)
flick(12094,12,24,8,16)
flick(12251,6,12,2,4)
tap(12565,1,4)
tap(12880,1,4)
tap(13037,1,3)
hold(13508,0,1,785)
skyarea(13508,10,12,4,4,12,4,0,0,432,21)
skyarea(13979,4,12,4,2,12,4,1,1,157,22)
skyarea(14136,2,12,4,4,12,4,2,2,157,22)
flick(14764,3,12,2,16)
tap(15079,1,2)
tap(15393,1,2)
tap(15550,1,3)
hold(16021,5,1,628)
skyarea(16021,2,12,4,9,12,4,0,0,275,28)
skyarea(16335,9,12,4,7,12,4,1,1,157,29)
skyarea(16492,7,12,4,9,12,4,2,2,157,29)
flick(17277,6,12,2,16)
tap(17592,1,1)
tap(17907,1,1)
tap(18064,1,2)
hold(18534,5,1,785)
skyarea(18535,2,12,4,8,12,4,0,0,432,35)
skyarea(19006,8,12,4,10,12,4,1,1,157,36)
skyarea(19163,10,12,4,8,12,4,2,2,157,36)
flick(19791,9,12,2,4)
tap(20105,1,3)
tap(20419,1,3)
tap(20576,1,2)
hold(21047,0,1,628)
skyarea(21048,10,12,4,3,12,4,0,0,275,42)
skyarea(21362,3,12,4,5,12,4,1,1,157,43)
skyarea(21519,5,12,4,3,12,4,2,2,157,43)
tap(21832,2,3)
tap(22147,2,1)
flick(22618,8,12,2,4)
flick(22932,4,12,2,16)
flick(23246,6,12,4,4)
flick(23325,6,12,4,16)
flick(23403,6,12,4,4)
flick(23482,6,12,4,16)
flick(23560,6,12,8,4)
tap(23874,1,5)
tap(24188,2,3)
tap(24660,1,5)
tap(24817,2,3)
tap(25131,1,5)
tap(25445,2,3)
tap(25602,1,5)
tap(25916,1,5)
tap(26073,2,3)
flick(26073,6,12,6,16)
tap(26387,1,5)
tap(26702,3,2)
tap(27173,1,5)
tap(27330,3,2)
tap(27644,1,5)
tap(27958,3,2)
tap(28115,1,5)
tap(28429,1,5)
tap(28586,3,2)
flick(28586,6,12,6,4)
tap(28901,1,0)
tap(29215,2,1)
tap(29687,1,0)
tap(29844,2,1)
tap(30158,1,0)
tap(30472,2,1)
tap(30629,1,0)
tap(30943,1,0)
tap(31099,2,1)
flick(31099,6,12,6,16)
tap(31414,1,0)
tap(31728,3,1)
tap(32200,1,0)
tap(32357,3,1)
tap(32671,1,0)
tap(32985,3,1)
tap(33142,1,0)
tap(33456,1,0)
tap(33613,3,1)
flick(33613,6,12,6,4)
hold(33927,1,1,471)
flick(34241,6,12,6,16)
hold(34398,2,1,471)
hold(34869,3,1,471)
flick(34869,6,12,6,4)
hold(35340,2,1,472)
flick(35497,6,12,6,16)
tap(36126,1,4)
flick(36126,6,12,6,4)
hold(36440,4,1,785)
flick(36754,6,12,6,16)
hold(37382,3,1,786)
flick(37382,6,12,6,4)
flick(38010,6,12,6,16)
tap(38325,1,4)
tap(38482,1,3)
flick(38639,6,12,6,4)
tap(38796,1,2)
hold(38953,1,1,471)
flick(39267,6,12,6,16)
hold(39424,2,1,471)
hold(39895,3,1,471)
flick(39895,6,12,6,4)
hold(40366,1,1,472)
flick(40524,6,12,6,16)
tap(41152,1,2)
flick(41152,6,12,6,4)
hold(41466,2,1,314)
flick(41780,6,12,6,16)
hold(41937,3,1,314)
hold(42408,1,1,315)
flick(42408,6,12,6,4)
hold(43037,4,1,314)
hold(43979,5,1,8796)
skyarea(44607,6,24,6,14,24,6,0,0,629,127)
skyarea(45236,14,24,6,10,24,6,0,0,628,127)
skyarea(45864,10,24,6,18,24,6,0,0,628,127)
skyarea(46492,18,24,6,3,24,6,0,0,1257,127)
skyarea(47749,3,24,6,18,24,6,0,0,1256,127)
skyarea(49005,18,24,6,10,24,6,0,0,943,127)
skyarea(49948,10,24,6,14,24,6,0,0,942,127)
skyarea(50890,14,24,6,6,24,6,0,0,628,127)
skyarea(51518,6,24,6,17,24,6,0,0,1257,127)
flick(52775,6,12,8,16)
hold(54031,0,1,8796)
skyarea(54660,18,24,6,10,24,6,0,0,629,130)
skyarea(55289,10,24,6,14,24,6,0,0,628,130)
skyarea(55917,14,24,6,6,24,6,0,0,628,130)
skyarea(56545,6,24,6,21,24,6,0,0,1257,130)
skyarea(57802,21,24,6,6,24,6,0,0,1256,130)
skyarea(59058,6,24,6,14,24,6,0,0,943,130)
skyarea(60001,14,24,6,10,24,6,0,0,942,130)
skyarea(60943,10,24,6,18,24,6,0,0,628,130)
skyarea(61571,18,24,6,7,24,6,0,0,1257,130)
tap(64084,1,1)
tap(64398,1,1)
tap(64555,1,2)
hold(65027,5,1,785)
skyarea(65027,2,12,4,8,12,4,0,0,432,135)
skyarea(65498,8,12,4,10,12,4,1,1,157,136)
skyarea(65655,10,12,4,8,12,4,2,2,157,136)
flick(66283,9,12,4,4)
tap(66597,1,3)
tap(66911,1,3)
tap(67068,1,2)
hold(67540,0,1,628)
skyarea(67540,10,12,4,3,12,4,0,0,275,142)
skyarea(67853,6,12,10,6,12,8,1,1,157,143)
skyarea(68010,6,12,8,6,12,10,2,2,158,143)
flick(68796,6,12,4,4)
tap(69110,1,4)
tap(69424,1,4)
tap(69581,1,3)
hold(70053,0,1,785)
skyarea(70054,10,12,4,4,12,4,0,0,432,149)
skyarea(70525,4,12,4,2,12,4,1,1,157,150)
skyarea(70682,2,12,4,4,12,4,2,2,157,150)
flick(71309,3,12,4,16)
tap(71623,1,1)
tap(71937,1,1)
tap(72094,1,2)
hold(72566,5,1,628)
skyarea(72567,2,12,4,9,12,4,0,0,275,156)
flick(72880,6,12,4,16)
flick(73037,6,12,4,4)
flick(73194,6,12,4,16)
flick(73351,6,12,8,4)
flick(73665,6,12,4,16)
flick(73822,6,12,4,4)
flick(73901,6,12,4,16)
flick(73979,6,12,4,4)
flick(74058,6,12,4,16)
hold(74136,5,1,314)
flick(74136,6,12,12,4)
tap(74450,1,3)
tap(74764,1,3)
tap(75000,1,3)
tap(75236,1,3)
tap(75471,1,4)
tap(75707,1,3)
tap(76021,1,2)
tap(76099,1,3)
tap(76178,1,2)
hold(76649,0,1,314)
flick(76649,6,12,12,16)
tap(76963,1,2)
tap(77277,1,2)
tap(77513,1,2)
tap(77592,1,1)
tap(77749,1,2)
tap(77827,1,1)
tap(77984,1,2)
tap(78063,1,1)
tap(78220,1,2)
tap(78534,1,3)
tap(78613,1,2)
tap(78691,1,3)
hold(79162,5,1,314)
flick(79162,6,12,12,4)
tap(79476,2,2)
tap(79791,2,2)
tap(80026,2,2)
tap(80262,2,2)
tap(80497,1,4)
tap(80733,2,2)
tap(81047,1,2)
tap(81125,1,3)
tap(81204,1,2)
hold(81675,0,1,314)
flick(81675,6,12,12,16)
tap(81990,2,2)
tap(82304,2,2)
tap(82539,2,2)
tap(82618,1,1)
tap(82775,2,2)
tap(82853,1,1)
tap(83010,2,2)
tap(83089,1,1)
tap(83246,2,2)
hold(83560,3,1,157)
hold(83560,2,1,157)
flick(83560,6,12,6,4)
flick(83580,6,12,6,4)
flick(83599,6,12,6,4)
hold(84188,0,1,315)
hold(84188,1,1,315)
flick(84188,6,12,12,16)
tap(84817,3,2)
tap(85052,3,2)
tap(85288,3,2)
tap(85524,1,1)
tap(85759,3,2)
tap(86073,1,2)
tap(86152,1,3)
tap(86230,1,2)
hold(86702,5,1,315)
hold(86702,4,1,314)
flick(86702,6,12,12,4)
tap(87330,3,1)
tap(87565,3,1)
tap(87644,1,4)
tap(87801,3,1)
tap(87880,1,4)
tap(88037,3,1)
tap(88115,1,4)
tap(88272,3,1)
tap(88587,1,3)
tap(88666,1,2)
tap(88744,1,3)
hold(89215,1,1,315)
hold(89215,0,1,315)
flick(89215,6,12,12,16)
tap(89844,3,2)
tap(90079,3,2)
tap(90315,3,2)
tap(90551,1,1)
tap(90786,3,2)
tap(91100,1,2)
tap(91179,1,3)
tap(91257,1,2)
flick(91728,6,12,12,4)
hold(91729,5,1,315)
hold(91729,4,1,314)
tap(92357,3,1)
tap(92592,3,1)
tap(92671,1,4)
tap(92828,3,1)
tap(92907,1,4)
tap(93064,3,1)
tap(93142,1,4)
tap(93299,3,1)
tap(93614,1,3)
tap(93693,1,2)
tap(93771,1,3)
tap(94241,2,2)
tap(94398,2,2)
flick(94555,6,12,2,16)
tap(94869,1,1)
tap(95026,1,2)
tap(95183,1,3)
tap(95340,1,4)
tap(95497,1,3)
tap(95654,1,3)
tap(95812,1,3)
tap(96126,1,2)
tap(96283,1,2)
tap(96440,1,2)
tap(96597,1,1)
hold(96911,0,1,628)
skyarea(96911,2,12,4,10,12,4,1,1,471,283)
skyarea(97382,10,12,4,2,12,4,2,2,471,283)
tap(97696,1,1)
tap(97853,1,2)
flick(97853,4,12,8,4)
tap(98325,1,2)
tap(98482,1,2)
tap(98639,1,2)
tap(98796,1,2)
tap(98953,1,3)
tap(99110,1,3)
tap(99267,1,2)
flick(99267,6,12,6,16)
tap(99895,1,1)
tap(100052,1,1)
tap(100209,1,1)
tap(100366,1,4)
tap(100524,1,3)
tap(100681,1,3)
tap(100838,1,3)
tap(101152,1,2)
tap(101309,1,2)
tap(101466,1,2)
tap(101623,1,2)
tap(101780,1,1)
tap(101937,1,5)
hold(102094,5,1,471)
skyarea(102094,2,12,4,10,12,4,1,1,471,309)
skyarea(102565,10,12,4,6,12,4,2,2,315,309)
tap(102723,1,3)
tap(102880,1,2)
flick(102880,5,12,6,16)
tap(103351,1,1)
tap(103508,1,2)
flick(103508,7,12,6,4)
tap(103822,1,2)
tap(103979,1,3)
tap(104136,1,3)
tap(104293,1,2)
flick(104293,4,12,6,16)
skyarea(104293,3,12,4,8,12,4,1,1,314,321)
tap(104921,1,4)
tap(105078,1,3)
tap(105235,1,2)
tap(105392,1,1)
tap(105549,1,2)
tap(105706,1,2)
tap(105864,1,2)
tap(106178,1,3)
tap(106335,1,3)
tap(106492,1,3)
tap(106649,1,4)
hold(106963,5,1,628)
skyarea(106964,10,12,4,2,12,4,1,1,471,334)
skyarea(107435,2,12,4,10,12,4,2,2,471,334)
tap(107748,1,4)
tap(107905,1,3)
flick(107906,8,12,8,16)
tap(108377,1,3)
tap(108534,1,3)
tap(108691,1,3)
tap(108848,1,3)
tap(109005,1,2)
tap(109162,1,2)
tap(109319,1,3)
flick(109320,6,12,6,4)
tap(109947,1,4)
tap(110104,1,4)
tap(110261,1,4)
tap(110418,1,1)
tap(110576,1,2)
tap(110733,1,2)
tap(110890,1,2)
tap(111204,1,3)
tap(111361,1,3)
tap(111518,1,3)
tap(111675,1,3)
tap(111832,1,4)
tap(111990,1,0)
hold(112147,0,1,471)
skyarea(112147,10,12,4,2,12,4,1,1,471,360)
skyarea(112618,2,12,4,6,12,4,2,2,315,360)
tap(112775,1,2)
tap(112932,1,3)
flick(112933,7,12,6,4)
tap(113403,1,4)
tap(113560,1,3)
flick(113561,5,12,6,16)
tap(113874,1,3)
tap(114031,1,2)
tap(114188,1,2)
tap(114345,1,3)
flick(114346,8,12,6,4)
skyarea(114346,9,12,4,4,12,4,1,1,314,372)
skyarea(114974,6,12,4,6,12,6,0,0,314,373)
skyarea(115288,6,12,8,6,12,8,0,0,157,373)
flick(115288,6,12,8,16)
flick(115445,6,12,8,4)
hold(115602,0,1,9738)
hold(115602,5,1,9738)
skyarea(115602,12,14,4,2,14,4,1,1,1257,378)
skyarea(116859,2,14,4,3,14,4,2,2,314,378)
tap(115916,4,1)
tap(116545,4,1)
tap(117173,4,1)
skyarea(117487,12,14,4,2,14,4,0,0,471,382)
skyarea(117958,2,14,4,12,14,4,1,1,1100,382)
skyarea(119058,12,14,4,7,14,4,0,0,157,382)
skyarea(119215,7,14,4,12,14,4,1,1,471,382)
tap(117801,4,1)
tap(118429,4,1)
tap(119058,4,1)
tap(119686,4,1)
skyarea(120000,2,14,4,7,14,4,0,0,236,387)
skyarea(120236,7,14,4,2,14,4,0,0,235,387)
skyarea(120471,2,14,4,12,14,4,1,1,1100,387)
tap(120314,4,1)
tap(120942,4,1)
tap(121571,4,1)
skyarea(121649,12,14,4,7,14,4,0,0,236,391)
skyarea(121885,7,14,4,12,14,4,1,1,785,391)
tap(122199,4,1)
tap(122827,4,1)
skyarea(123141,2,14,4,12,14,4,1,1,472,394)
skyarea(123613,12,14,4,7,14,4,0,0,157,394)
tap(123455,4,1)
tap(124084,4,1)
skyarea(124084,12,14,4,2,14,4,1,1,471,397)
skyarea(124555,2,14,4,7,14,4,0,0,157,397)
skyarea(124712,7,14,4,2,14,4,1,1,628,397)
tap(124712,4,1)
tap(125340,4,1)
hold(125654,2,1,158)
hold(125654,3,1,158)
flick(125654,6,12,6,4)
flick(125674,6,12,6,4)
flick(125693,6,12,6,4)
skyarea(125969,3,12,6,3,12,6,1,1,39,405)
skyarea(126126,9,12,6,9,12,6,1,1,39,406)
skyarea(126283,3,12,6,3,12,6,1,1,39,407)
skyarea(126361,5,12,6,5,12,6,1,1,40,408)
skyarea(126440,7,12,6,7,12,6,1,1,39,409)
skyarea(126518,9,12,6,9,12,6,1,1,40,410)
hold(126596,2,1,471)
flick(126597,6,12,6,16)
hold(127225,3,1,471)
flick(127225,6,12,6,4)
tap(127853,1,1)
flick(127853,6,12,6,16)
hold(128167,1,1,785)
flick(128482,6,12,6,4)
hold(129109,2,1,786)
flick(129110,6,12,6,16)
flick(129738,6,12,6,4)
tap(130052,1,1)
tap(130209,1,2)
flick(130366,6,12,6,16)
tap(130523,1,3)
hold(130680,4,1,471)
flick(130995,6,12,6,4)
hold(131151,3,1,471)
hold(131622,2,1,471)
flick(131623,6,12,6,16)
hold(132093,4,1,472)
flick(132251,6,12,6,4)
tap(132879,1,3)
flick(132880,6,12,6,16)
hold(133193,3,1,314)
flick(133508,6,12,6,4)
hold(133664,2,1,314)
hold(134135,4,1,315)
flick(134136,6,12,6,16)
hold(134764,1,1,314)
hold(135236,3,1,314)
hold(135707,1,2,2042)
skyarea(135707,8,24,8,8,24,10,0,0,943,443)
skyarea(136650,8,24,12,8,24,10,0,0,628,443)
skyarea(137278,8,24,8,8,24,8,0,0,471,443)
flick(137749,4,12,4,16)
hold(138220,2,2,2042)
skyarea(138220,12,24,8,12,24,10,0,0,942,446)
skyarea(139162,12,24,12,12,24,10,0,0,629,446)
skyarea(139791,12,24,8,12,24,8,0,0,471,446)
flick(140262,6,12,4,16)
hold(140733,3,2,2042)
skyarea(140733,16,24,8,16,24,10,0,0,943,449)
skyarea(141676,16,24,12,16,24,10,0,0,628,449)
skyarea(142304,16,24,8,16,24,8,0,0,471,449)
flick(142775,8,12,4,4)
hold(143246,2,2,2042)
skyarea(143246,12,24,8,12,24,10,0,0,942,452)
skyarea(144188,12,24,12,12,24,10,0,0,629,452)
skyarea(144817,12,24,8,12,24,8,0,0,471,452)
skyarea(145288,6,12,2,6,12,12,0,0,471,452)
flick(145288,12,24,8,4)
