chart(191.00,4.00)
lane(0,0,0)
lane(0,4,0)
skyarea(2513,4,16,8,13,16,6,1,1,2042,0)
skyarea(5026,12,16,8,3,16,6,1,1,2042,1)
skyarea(7539,4,16,8,13,16,6,1,1,943,2)
skyarea(8482,13,16,6,8,16,6,2,2,785,2)
skyarea(9267,8,16,6,3,16,6,1,1,785,2)
skyarea(10052,3,16,6,12,16,8,2,2,943,2)
flick(10995,8,16,16,16)
tap(12565,1,1)
hold(13508,1,1,942)
tap(15079,1,2)
hold(16021,2,1,942)
tap(17592,1,3)
hold(18534,3,1,942)
tap(20105,1,2)
hold(21047,2,1,943)
flick(23874,8,16,8,4)
flick(25131,8,16,8,16)
flick(26387,8,16,8,4)
flick(27644,8,16,8,16)
flick(28901,12,16,8,4)
flick(30157,12,16,8,16)
flick(31414,4,16,8,16)
flick(32670,4,16,8,4)
skyarea(33927,9,16,6,3,16,6,0,0,942,20)
skyarea(34869,3,16,6,9,16,6,0,0,943,20)
flick(36126,8,16,8,16)
skyarea(36440,7,16,6,13,16,6,0,0,942,22)
skyarea(37382,13,16,6,7,16,6,0,0,943,22)
flick(38325,9,16,10,4)
skyarea(38953,9,16,6,3,16,6,0,0,942,24)
skyarea(39895,3,16,6,9,16,6,0,0,943,24)
flick(41152,8,16,8,16)
skyarea(41466,8,16,12,8,16,6,0,0,942,26)
flick(42408,10,16,10,4)
tap(44607,1,1)
tap(45236,1,1)
tap(45864,1,1)
hold(46492,2,1,628)
tap(47749,1,2)
tap(48377,1,2)
hold(49005,3,1,629)
tap(50262,1,3)
tap(50890,1,3)
hold(51518,2,1,629)
hold(52775,2,1,628)
hold(54031,3,1,629)
tap(55288,1,3)
tap(55916,1,3)
hold(56545,2,1,628)
tap(57801,1,2)
tap(58429,1,2)
tap(59058,1,1)
hold(60000,1,1,942)
hold(61571,3,1,1256)
skyarea(64084,12,16,8,7,16,6,1,1,942,48)
flick(65026,8,16,8,4)
skyarea(66597,4,16,8,9,16,6,1,1,942,50)
flick(67539,8,16,8,16)
skyarea(69110,12,16,8,7,16,6,1,1,942,52)
flick(70052,8,16,8,4)
skyarea(71623,4,16,8,9,16,6,1,1,942,54)
flick(72565,8,16,8,16)
flick(72880,8,16,16,4)
tap(74136,1,5)
tap(74764,1,5)
tap(75236,1,5)
tap(76649,1,5)
tap(77277,1,5)
tap(77749,1,5)
tap(79162,1,5)
tap(79791,1,5)
tap(80262,1,5)
tap(81675,1,5)
tap(82304,1,5)
tap(82775,1,5)
skyarea(84188,13,16,6,5,16,10,0,0,629,69)
flick(84817,8,16,16,4)
flick(85288,8,16,16,16)
skyarea(86702,3,16,6,11,16,10,0,0,628,72)
flick(87331,8,16,16,16)
flick(87802,8,16,16,4)
skyarea(89215,13,16,6,5,16,10,0,0,629,75)
flick(89844,8,16,16,4)
flick(90315,8,16,16,16)
skyarea(91729,3,16,6,11,16,10,0,0,628,78)
flick(92358,8,16,16,16)
flick(92829,8,16,16,4)
tap(95497,1,1)
tap(96126,1,1)
hold(96911,1,1,785)
hold(98325,2,1,942)
tap(99895,1,2)
tap(100209,1,2)
tap(100524,1,3)
tap(101152,1,3)
hold(101780,1,1,943)
tap(102880,1,1)
tap(103508,1,1)
tap(104136,1,1)
tap(105550,1,3)
tap(106178,1,3)
hold(106963,3,1,786)
hold(108378,2,1,942)
tap(109948,1,2)
tap(110262,1,2)
tap(110576,1,1)
tap(111204,1,1)
hold(111832,3,1,943)
tap(112932,1,3)
tap(113560,1,3)
tap(114188,1,3)
skyarea(115602,10,12,4,2,12,4,0,0,1885,105)
flick(117487,6,12,12,4)
skyarea(118115,8,12,4,4,12,4,0,0,1885,107)
flick(120000,6,12,8,4)
flick(120314,6,12,8,16)
skyarea(120628,2,12,4,10,12,4,0,0,1885,110)
flick(122827,6,12,4,16)
skyarea(123141,6,12,8,6,12,4,0,0,943,112)
skyarea(124084,6,12,4,6,12,8,0,0,942,112)
skyarea(125654,7,16,6,13,16,6,0,0,942,113)
skyarea(126596,13,16,6,7,16,6,0,0,943,113)
flick(127853,8,16,8,4)
skyarea(128167,9,16,6,3,16,6,0,0,942,115)
skyarea(129109,3,16,6,9,16,6,0,0,943,115)
flick(130052,7,16,10,16)
skyarea(130680,7,16,6,13,16,6,0,0,942,117)
skyarea(131622,13,16,6,7,16,6,0,0,943,117)
flick(132879,8,16,8,4)
skyarea(133193,8,16,12,8,16,6,0,0,942,119)
flick(134135,6,16,10,16)
skyarea(135707,4,16,8,13,16,6,1,1,2042,121)
skyarea(138220,12,16,8,3,16,6,1,1,2042,122)
skyarea(140733,4,16,8,13,16,6,1,1,943,123)
skyarea(141676,13,16,6,8,16,6,2,2,785,123)
skyarea(142461,8,16,6,3,16,6,1,1,785,123)
skyarea(143246,3,16,6,12,16,8,2,2,943,123)
skyarea(144189,6,12,12,6,12,4,0,0,1570,123)
flick(145759,6,12,4,16)
