chart(191.00,4.00)
skyarea(2513,5,12,4,3,12,4,1,1,471,0)
skyarea(2984,3,12,4,5,12,4,2,2,471,0)
skyarea(3455,4,12,6,8,12,4,1,1,629,0)
skyarea(4084,8,12,4,6,12,4,2,2,471,0)
skyarea(5026,7,12,4,9,12,4,1,1,471,1)
skyarea(5497,9,12,4,7,12,4,2,2,471,1)
skyarea(5968,8,12,6,4,12,4,1,1,629,1)
skyarea(6597,4,12,4,6,12,4,2,2,471,1)
skyarea(7068,6,12,4,6,12,10,0,0,471,1)
flick(7539,6,12,10,4)
skyarea(8482,9,12,4,5,12,4,1,1,628,3)
skyarea(9110,5,12,4,5,12,8,2,2,471,3)
skyarea(9581,5,12,8,5,12,4,1,1,471,3)
flick(10052,5,12,4,4)
skyarea(10995,3,12,4,7,12,4,1,1,628,5)
skyarea(11623,7,12,4,7,12,8,2,2,471,5)
skyarea(12094,7,12,8,7,12,4,1,1,471,5)
tap(12565,1,1)
flick(12565,7,12,4,16)
tap(12880,1,1)
tap(13037,1,2)
hold(13508,3,1,471)
skyarea(13508,4,12,4,8,12,4,1,1,471,11)
flick(13979,7,12,6,16)
flick(14764,6,12,2,4)
tap(15079,1,3)
tap(15393,1,3)
tap(15550,1,2)
hold(16021,1,1,314)
skyarea(16021,6,12,4,3,12,4,1,1,314,18)
flick(16335,4,12,6,4)
flick(16492,6,12,4,16)
flick(17277,6,12,2,4)
tap(17592,1,4)
tap(17907,1,4)
tap(18064,1,3)
hold(18535,2,1,471)
skyarea(18535,8,12,4,4,12,4,1,1,471,26)
flick(19006,5,12,6,4)
flick(19791,6,12,2,16)
tap(20106,1,2)
tap(20420,1,2)
tap(20577,1,3)
hold(21047,4,1,314)
skyarea(21047,6,12,4,9,12,4,1,1,314,33)
flick(21361,8,12,6,16)
flick(21518,6,12,4,4)
flick(21832,4,12,6,16)
flick(22147,8,12,6,4)
skyarea(22618,6,12,8,6,12,4,0,0,78,38)
skyarea(22932,6,12,8,6,12,4,0,0,78,39)
skyarea(23246,6,12,4,6,12,2,0,0,79,40)
skyarea(23325,6,12,4,6,12,2,0,0,78,40)
skyarea(23403,6,12,4,6,12,2,0,0,79,40)
skyarea(23482,6,12,4,6,12,2,0,0,78,40)
flick(23560,6,12,8,4)
hold(23874,0,1,2199)
skyarea(23874,3,12,6,2,12,4,0,0,79,43)
skyarea(23953,2,12,4,2,12,4,0,0,235,43)
flick(24188,4,12,8,4)
skyarea(24660,3,12,6,2,12,4,0,0,78,45)
skyarea(24738,2,12,4,2,12,4,0,0,79,45)
flick(24817,4,12,8,4)
skyarea(25131,3,12,6,2,12,4,0,0,79,47)
skyarea(25210,2,12,4,2,12,4,0,0,235,47)
flick(25445,4,12,8,4)
skyarea(25602,3,12,6,2,12,4,0,0,79,49)
skyarea(25681,2,12,4,2,12,4,0,0,235,49)
flick(25916,4,12,8,4)
flick(26073,4,12,8,16)
hold(26387,5,1,2199)
skyarea(26387,9,12,6,10,12,4,0,0,79,53)
skyarea(26466,10,12,4,10,12,4,0,0,235,53)
flick(26701,8,12,8,16)
skyarea(27173,9,12,6,10,12,4,0,0,78,55)
skyarea(27251,10,12,4,10,12,4,0,0,79,55)
flick(27330,8,12,8,16)
skyarea(27644,9,12,6,10,12,4,0,0,79,57)
skyarea(27723,10,12,4,10,12,4,0,0,235,57)
flick(27958,8,12,8,16)
skyarea(28115,9,12,6,10,12,4,0,0,79,59)
skyarea(28194,10,12,4,10,12,4,0,0,235,59)
flick(28429,8,12,8,16)
flick(28586,8,12,8,4)
hold(28901,0,1,2199)
skyarea(28901,3,12,6,2,12,4,0,0,79,63)
skyarea(28980,2,12,4,2,12,4,0,0,235,63)
flick(29215,4,12,8,4)
skyarea(29687,3,12,6,2,12,4,0,0,78,65)
skyarea(29765,2,12,4,2,12,4,0,0,79,65)
flick(29844,4,12,8,4)
skyarea(30158,3,12,6,2,12,4,0,0,79,67)
skyarea(30237,2,12,4,2,12,4,0,0,235,67)
flick(30472,4,12,8,4)
skyarea(30629,3,12,6,2,12,4,0,0,79,69)
skyarea(30708,2,12,4,2,12,4,0,0,235,69)
flick(30943,4,12,8,4)
flick(31100,4,12,8,16)
hold(31414,5,1,2199)
skyarea(31414,9,12,6,10,12,4,0,0,79,73)
skyarea(31493,10,12,4,10,12,4,0,0,235,73)
flick(31728,8,12,8,16)
skyarea(32200,9,12,6,10,12,4,0,0,78,75)
skyarea(32278,10,12,4,10,12,4,0,0,79,75)
flick(32357,8,12,8,16)
skyarea(32671,9,12,6,10,12,4,0,0,79,77)
skyarea(32750,10,12,4,10,12,4,0,0,235,77)
flick(32985,8,12,8,16)
skyarea(33142,9,12,6,10,12,4,0,0,79,79)
skyarea(33221,10,12,4,10,12,4,0,0,235,79)
flick(33456,8,12,8,16)
flick(33613,8,12,8,4)
hold(33927,1,1,471)
flick(33927,5,12,10,16)
hold(34398,2,1,471)
hold(34869,3,1,471)
hold(35340,2,1,472)
tap(36126,1,3)
hold(36440,3,1,785)
skyarea(36440,2,12,4,6,12,4,1,1,471,89)
skyarea(36911,6,12,4,8,12,4,2,2,314,89)
hold(37382,2,1,786)
skyarea(37382,10,12,4,6,12,4,1,1,471,91)
skyarea(37853,6,12,4,4,12,4,2,2,314,91)
flick(38325,6,12,8,4)
flick(38482,6,12,8,16)
hold(38953,4,1,471)
flick(38953,7,12,10,4)
hold(39424,3,1,471)
hold(39895,2,1,471)
hold(40366,3,1,472)
tap(41152,1,2)
hold(41466,2,1,314)
skyarea(41466,8,12,4,6,12,4,2,2,314,101)
hold(41937,3,1,314)
skyarea(41937,4,12,4,6,12,4,2,2,314,103)
hold(42408,1,1,315)
skyarea(42408,9,12,4,7,12,4,2,2,315,105)
hold(43037,4,1,314)
skyarea(43037,3,12,4,5,12,4,2,2,315,107)
flick(43979,6,12,4,16)
tap(44607,1,4)
skyarea(44607,4,28,8,24,28,8,0,0,1885,110)
skyarea(46492,24,28,8,4,28,8,0,0,1257,110)
skyarea(47749,2,14,4,12,14,4,0,0,1256,110)
skyarea(49005,12,14,4,2,14,4,0,0,2513,110)
skyarea(51518,2,14,4,12,14,4,0,0,1257,110)
skyarea(52775,12,14,4,2,14,4,0,0,628,110)
tap(45236,1,3)
tap(45864,1,2)
tap(46492,1,1)
tap(47749,1,4)
tap(49005,1,1)
tap(49948,1,2)
tap(50890,1,3)
tap(51518,1,4)
tap(52775,1,3)
tap(52775,1,2)
skyarea(54031,12,14,4,2,14,4,0,0,2514,121)
skyarea(56545,4,28,8,24,28,8,0,0,1257,121)
skyarea(57802,12,14,4,2,14,4,0,0,1256,121)
skyarea(59058,2,14,4,12,14,4,0,0,2513,121)
skyarea(61571,12,14,4,2,14,4,0,0,1884,121)
tap(54660,1,1)
tap(55288,1,2)
tap(55916,1,3)
tap(56545,1,4)
tap(57801,1,1)
tap(59058,1,4)
tap(60000,1,3)
tap(60942,1,2)
tap(61571,1,1)
tap(64084,1,1)
tap(64399,1,1)
tap(64556,1,2)
hold(65027,3,1,471)
skyarea(65027,4,12,4,8,12,4,1,1,471,135)
flick(65498,7,12,6,16)
flick(66283,6,12,2,4)
tap(66598,1,3)
tap(66912,1,3)
tap(67069,1,2)
hold(67539,1,1,314)
skyarea(67539,6,12,4,3,12,4,1,1,314,142)
flick(67853,4,12,6,4)
flick(68010,6,12,4,16)
flick(68796,6,12,2,4)
tap(69111,1,4)
tap(69426,1,4)
tap(69583,1,3)
hold(70054,2,1,471)
skyarea(70054,8,12,4,4,12,4,1,1,471,150)
flick(70525,5,12,6,4)
flick(71310,6,12,2,16)
tap(71625,1,2)
tap(71939,1,2)
tap(72096,1,3)
hold(72565,4,1,315)
skyarea(72565,7,12,4,9,12,4,1,1,315,157)
skyarea(72880,6,12,4,6,12,6,1,1,157,157)
skyarea(73037,6,12,4,6,12,6,1,1,157,157)
skyarea(73194,6,12,4,6,12,6,1,1,157,157)
skyarea(73351,6,12,8,6,12,6,2,2,157,157)
skyarea(73665,6,12,4,6,12,6,1,1,157,158)
skyarea(73822,6,12,4,11,22,10,1,1,79,158)
skyarea(73901,6,12,4,11,22,10,1,1,79,158)
skyarea(73980,6,12,4,11,22,10,1,1,78,158)
skyarea(74058,6,12,4,11,22,10,1,1,79,158)
tap(74136,1,0)
flick(74136,9,18,8,16)
hold(74450,1,1,1728)
tap(74764,1,2)
tap(75000,1,2)
tap(75236,1,2)
tap(75471,1,2)
tap(75707,1,2)
flick(76021,6,12,6,4)
flick(76099,6,12,6,16)
flick(76178,6,12,6,4)
tap(76649,1,5)
hold(76963,4,1,1728)
tap(77277,1,3)
tap(77513,1,3)
tap(77749,1,3)
tap(77984,1,3)
tap(78220,1,3)
flick(78534,6,12,6,16)
flick(78613,6,12,6,4)
flick(78691,6,12,6,16)
tap(79162,1,0)
hold(79476,1,1,1728)
tap(79790,1,2)
tap(80026,1,2)
tap(80262,1,2)
tap(80497,1,2)
tap(80733,1,2)
flick(81047,6,12,6,4)
flick(81125,6,12,6,16)
flick(81204,6,12,6,4)
tap(81675,1,5)
hold(81989,4,1,1728)
tap(82303,1,3)
tap(82539,1,3)
tap(82775,1,3)
tap(83010,1,3)
tap(83246,1,3)
flick(83560,6,12,6,16)
skyarea(83560,6,12,6,6,12,12,0,0,157,198)
hold(84188,0,1,315)
hold(84188,1,1,315)
tap(84817,1,2)
tap(84817,1,1)
tap(85052,1,1)
tap(85052,1,2)
tap(85288,1,1)
tap(85288,1,2)
tap(85524,1,2)
tap(85524,1,1)
tap(85759,1,1)
tap(85759,1,2)
flick(86073,6,12,8,4)
flick(86152,6,12,8,16)
flick(86230,6,12,8,4)
hold(86702,4,1,315)
hold(86702,5,1,315)
tap(87331,1,3)
tap(87331,1,4)
tap(87566,1,3)
tap(87566,1,4)
tap(87802,1,3)
tap(87802,1,4)
tap(88038,1,4)
tap(88038,1,3)
tap(88273,1,3)
tap(88273,1,4)
flick(88587,6,12,8,16)
flick(88666,6,12,8,4)
flick(88744,6,12,8,16)
hold(89215,0,1,315)
hold(89215,1,1,315)
tap(89844,1,2)
tap(89844,1,1)
tap(90079,1,1)
tap(90079,1,2)
tap(90315,1,1)
tap(90315,1,2)
tap(90551,1,2)
tap(90551,1,1)
tap(90786,1,1)
tap(90786,1,2)
flick(91100,6,12,8,4)
flick(91179,6,12,8,16)
flick(91257,6,12,8,4)
hold(91728,5,1,314)
hold(91729,4,1,315)
tap(92358,1,3)
tap(92358,1,4)
tap(92593,1,3)
tap(92593,1,4)
tap(92829,1,3)
tap(92829,1,4)
tap(93065,1,4)
tap(93065,1,3)
tap(93300,1,4)
tap(93300,1,3)
flick(93614,6,12,8,16)
flick(93693,6,12,8,4)
flick(93771,6,12,8,16)
skyarea(94241,6,12,8,6,12,4,0,0,78,259)
skyarea(94398,6,12,8,6,12,4,0,0,78,260)
flick(94555,6,12,12,4)
flick(94869,6,12,4,16)
tap(95497,1,4)
tap(95654,1,4)
tap(95812,1,4)
tap(96126,1,3)
tap(96283,1,3)
tap(96440,1,3)
tap(96597,1,2)
hold(96911,5,1,628)
skyarea(96911,3,12,6,10,12,4,1,1,628,271)
tap(97696,1,4)
tap(97853,1,3)
tap(98325,1,4)
tap(98482,1,4)
tap(98639,1,3)
tap(98796,1,3)
tap(98953,1,4)
tap(99110,1,4)
flick(99267,8,12,8,16)
tap(99895,1,4)
tap(100052,1,4)
tap(100209,1,3)
tap(100366,1,3)
tap(100524,1,2)
tap(100681,1,2)
tap(100838,1,2)
flick(101152,6,12,6,4)
flick(101309,6,12,6,16)
flick(101466,6,12,6,4)
flick(101623,6,12,6,16)
tap(101780,1,4)
tap(101937,1,4)
hold(102094,5,1,471)
tap(102723,1,4)
tap(102880,1,3)
tap(103351,1,2)
tap(103508,1,3)
flick(103508,7,12,6,4)
tap(103979,1,3)
tap(104136,1,2)
flick(104136,5,12,6,16)
flick(104921,6,12,4,4)
tap(105550,1,1)
tap(105707,1,1)
tap(105865,1,1)
tap(106179,1,2)
tap(106336,1,2)
tap(106493,1,2)
tap(106650,1,3)
hold(106964,0,1,628)
skyarea(106964,9,12,6,2,12,4,1,1,628,312)
tap(107749,1,1)
tap(107906,1,2)
tap(108378,1,1)
tap(108535,1,1)
tap(108692,1,2)
tap(108849,1,2)
tap(109006,1,1)
tap(109163,1,1)
flick(109320,4,12,8,4)
tap(109948,1,1)
tap(110105,1,1)
tap(110262,1,2)
tap(110419,1,2)
tap(110577,1,3)
tap(110734,1,3)
tap(110891,1,3)
flick(111205,6,12,6,16)
flick(111362,6,12,6,4)
flick(111519,6,12,6,16)
flick(111676,6,12,6,4)
tap(111833,1,1)
tap(111990,1,1)
hold(112147,0,1,471)
tap(112775,1,1)
tap(112932,1,2)
tap(113404,1,3)
tap(113561,1,2)
flick(113561,5,12,6,16)
tap(114032,1,2)
tap(114189,1,3)
flick(114189,7,12,6,4)
tap(114974,1,2)
tap(114974,1,3)
hold(115602,0,1,2199)
skyarea(115602,12,14,4,5,14,4,1,1,943,347)
skyarea(116545,5,14,4,10,14,4,2,2,785,347)
tap(115916,1,1)
tap(116545,1,1)
tap(117173,1,1)
skyarea(117487,12,14,4,5,14,4,0,0,314,351)
tap(117801,1,1)
hold(118115,5,1,2199)
skyarea(118115,2,14,4,9,14,4,1,1,943,354)
skyarea(119058,9,14,4,4,14,4,2,2,785,354)
tap(118429,1,4)
tap(119058,1,4)
tap(119686,1,4)
skyarea(120000,2,14,4,9,14,4,0,0,314,358)
tap(120314,1,4)
hold(120628,0,1,2199)
skyarea(120628,12,14,4,6,14,4,1,1,471,361)
skyarea(121099,6,14,4,10,14,4,2,2,472,361)
skyarea(121571,10,14,4,2,14,4,1,1,1256,361)
tap(120942,1,1)
tap(121571,1,1)
tap(122199,1,1)
tap(122827,1,1)
hold(123141,5,1,2199)
skyarea(123141,2,14,4,8,14,4,1,1,471,367)
skyarea(123612,8,14,4,4,14,4,2,2,472,367)
skyarea(124084,4,14,4,12,14,4,1,1,1256,367)
tap(123455,1,4)
tap(124084,1,4)
tap(124712,1,4)
tap(125340,1,4)
flick(125654,6,12,6,16)
skyarea(125654,6,12,6,6,12,12,0,0,157,373)
skyarea(125969,3,12,4,3,12,4,2,1,157,374)
skyarea(126126,6,12,4,6,12,4,2,1,157,374)
skyarea(126283,9,12,4,9,12,4,2,1,157,374)
hold(126597,2,1,471)
flick(126597,4,12,6,16)
hold(127225,3,1,471)
flick(127225,8,12,6,4)
tap(127853,1,3)
hold(128167,3,1,785)
skyarea(128168,10,12,4,4,12,4,1,1,471,381)
skyarea(128639,4,12,4,2,12,4,2,2,314,381)
hold(129109,2,1,786)
skyarea(129110,2,12,4,8,12,4,1,1,471,383)
skyarea(129581,8,12,4,10,12,4,2,2,314,383)
flick(130052,6,12,8,16)
flick(130209,6,12,8,4)
flick(130524,6,12,8,16)
hold(130681,3,1,471)
skyarea(130681,3,12,4,9,12,4,1,1,471,388)
skyarea(131152,9,12,4,3,12,4,1,1,471,388)
skyarea(131623,3,12,4,9,12,4,1,1,471,388)
skyarea(132094,9,12,4,3,12,4,1,1,471,388)
hold(131151,2,1,471)
hold(131622,3,1,471)
hold(132093,2,1,472)
tap(132879,1,2)
hold(133193,2,1,314)
skyarea(133193,4,12,4,6,12,4,2,2,314,394)
hold(133664,3,1,314)
skyarea(133664,8,12,4,6,12,4,2,2,314,396)
hold(134135,1,1,315)
skyarea(134135,3,12,4,5,12,4,2,2,315,398)
hold(134764,4,1,314)
skyarea(134764,9,12,4,7,12,4,2,2,315,400)
skyarea(135707,3,12,4,7,12,4,1,1,471,401)
skyarea(136178,7,12,4,7,12,8,2,2,471,401)
skyarea(136649,7,12,8,7,12,4,1,1,471,401)
skyarea(137120,7,12,4,3,12,4,2,2,472,401)
skyarea(138220,9,12,4,5,12,4,1,1,471,402)
skyarea(138691,5,12,4,5,12,8,2,2,471,402)
skyarea(139162,5,12,8,5,12,4,1,1,471,402)
skyarea(139633,5,12,4,9,12,4,2,2,472,402)
skyarea(140733,5,12,4,3,12,4,1,1,471,403)
skyarea(141204,3,12,4,5,12,4,2,2,471,403)
skyarea(141675,4,12,6,8,12,4,1,1,629,403)
skyarea(142304,8,12,4,6,12,4,2,2,471,403)
skyarea(143246,7,12,4,9,12,4,1,1,471,404)
skyarea(143717,9,12,4,7,12,4,2,2,471,404)
skyarea(144188,8,12,6,4,12,4,1,1,629,404)
skyarea(144817,4,12,4,6,12,4,2,2,471,404)
skyarea(145288,6,12,4,6,12,10,0,0,471,404)
flick(145759,6,12,10,4)
