chart(191.00,4.00)
lane(0,1,0)
skyarea(2513,6,12,4,3,12,4,1,1,471,0)
skyarea(2984,3,12,4,5,12,4,2,2,471,0)
skyarea(3455,5,12,4,8,12,4,1,1,629,0)
skyarea(4084,8,12,4,6,12,4,2,2,471,0)
skyarea(5026,7,12,4,9,12,4,1,1,471,1)
skyarea(5497,9,12,4,7,12,4,2,2,471,1)
skyarea(5968,7,12,4,4,12,4,1,1,629,1)
skyarea(6597,4,12,4,6,12,4,2,2,471,1)
flick(7539,6,12,12,4)
skyarea(8482,9,12,4,6,12,4,1,1,628,3)
skyarea(9110,6,12,4,3,12,4,2,2,628,3)
skyarea(10052,2,12,4,6,12,4,1,1,943,4)
skyarea(10995,6,12,4,10,12,4,2,2,942,4)
tap(12565,1,4)
tap(13037,1,4)
hold(13508,3,1,471)
tap(14764,1,3)
tap(15079,1,2)
tap(15550,1,2)
hold(16021,3,1,628)
tap(17277,1,3)
tap(17592,1,4)
tap(18063,1,4)
hold(18535,3,1,471)
tap(19791,1,3)
tap(20105,1,2)
tap(20577,1,2)
hold(21047,3,1,314)
flick(22618,6,12,8,16)
lane(22618,4,0)
lane(22618,1,1)
tap(23874,1,1)
tap(24188,1,1)
tap(24817,1,1)
tap(25131,1,2)
tap(25445,1,2)
tap(26073,1,2)
tap(26387,1,3)
tap(26702,1,3)
tap(27330,1,3)
tap(27644,1,2)
tap(27644,1,3)
lane(28272,1,0)
lane(28272,4,1)
tap(28901,1,4)
tap(29215,1,4)
tap(29843,1,4)
tap(30157,1,3)
tap(30471,1,3)
tap(31099,1,3)
tap(31414,1,2)
tap(31728,1,2)
tap(32356,1,2)
tap(32670,1,2)
tap(32670,1,3)
skyarea(33927,2,12,4,8,12,4,0,0,471,43)
skyarea(34398,8,12,4,4,12,4,0,0,471,43)
skyarea(34869,4,12,4,10,12,4,0,0,471,43)
skyarea(35340,10,12,4,6,12,4,0,0,472,43)
flick(36126,6,12,4,16)
skyarea(36440,3,12,4,9,12,4,1,1,471,45)
skyarea(36911,9,12,4,6,12,4,2,2,471,45)
skyarea(37382,6,12,4,3,12,4,1,1,471,45)
skyarea(37853,3,12,4,9,12,4,2,2,472,45)
flick(38325,6,12,10,16)
flick(38482,6,12,10,4)
skyarea(38953,10,12,4,4,12,4,0,0,471,48)
skyarea(39424,4,12,4,8,12,4,0,0,471,48)
skyarea(39895,8,12,4,2,12,4,0,0,471,48)
skyarea(40366,2,12,4,6,12,4,0,0,472,48)
flick(41152,6,12,4,4)
skyarea(41466,9,12,4,7,12,4,0,0,157,50)
skyarea(41937,3,12,4,5,12,4,0,0,157,51)
skyarea(42408,7,12,4,10,12,4,0,0,315,52)
skyarea(43037,5,12,4,2,12,4,0,0,314,53)
tap(44607,1,4)
tap(45236,1,4)
tap(45864,1,3)
tap(46492,1,3)
tap(47749,1,4)
tap(48377,1,4)
tap(49005,1,3)
tap(49948,1,3)
tap(50890,1,2)
tap(51518,1,2)
flick(52775,6,12,4,4)
lane(52775,4,0)
lane(52775,1,1)
tap(54660,1,1)
tap(55288,1,1)
tap(55916,1,2)
tap(56545,1,2)
tap(57801,1,1)
tap(59058,1,1)
tap(60000,1,2)
tap(60942,1,2)
tap(61571,1,3)
tap(62827,1,3)
tap(64084,1,1)
tap(64556,1,1)
hold(65027,2,1,471)
tap(66283,1,2)
tap(66598,1,3)
tap(67069,1,3)
hold(67540,2,1,628)
tap(68796,1,2)
tap(69111,1,1)
tap(69582,1,1)
hold(70054,2,1,471)
tap(71310,1,2)
tap(71624,1,3)
tap(72096,1,3)
hold(72565,2,1,315)
flick(72880,6,12,6,16)
flick(73351,6,12,6,4)
hold(74136,5,1,314)
tap(74764,1,5)
tap(75000,1,5)
tap(75236,1,5)
tap(75471,1,5)
tap(75707,1,5)
hold(76649,0,1,314)
tap(77277,1,0)
tap(77513,1,0)
tap(77749,1,0)
tap(77984,1,0)
tap(78220,1,0)
hold(79162,5,1,314)
tap(79790,1,5)
tap(80026,1,5)
tap(80262,1,5)
tap(80497,1,5)
tap(80733,1,5)
hold(81675,0,1,314)
tap(82303,1,0)
tap(82539,1,0)
tap(82775,1,0)
tap(83010,1,0)
tap(83246,1,0)
skyarea(84188,6,12,12,6,12,4,0,0,472,116)
flick(84817,7,12,6,4)
flick(85052,7,12,6,16)
flick(85288,7,12,6,4)
flick(85524,7,12,6,16)
flick(85759,7,12,6,4)
skyarea(86702,6,12,12,6,12,4,0,0,472,122)
flick(87331,5,12,6,16)
flick(87565,5,12,6,4)
flick(87802,5,12,6,16)
flick(88037,5,12,6,4)
flick(88273,5,12,6,16)
skyarea(89215,6,12,12,8,12,4,0,0,471,128)
flick(89843,9,12,6,4)
flick(90079,9,12,6,16)
flick(90314,9,12,6,4)
flick(90550,9,12,6,16)
flick(90785,9,12,6,4)
skyarea(91728,6,12,12,4,12,4,0,0,471,134)
flick(92356,3,12,6,16)
flick(92592,3,12,6,4)
flick(92827,3,12,6,16)
flick(93063,3,12,6,4)
flick(93298,3,12,6,16)
flick(94555,6,12,4,4)
tap(95497,1,1)
tap(96126,1,1)
tap(96597,1,2)
hold(96911,2,1,628)
tap(97696,1,2)
tap(98325,1,3)
tap(98639,1,3)
tap(98953,1,3)
tap(99895,1,2)
tap(100209,1,2)
tap(100524,1,1)
tap(101152,1,1)
tap(101780,1,2)
hold(102094,2,1,629)
tap(102880,1,2)
tap(103508,1,1)
tap(104136,1,1)
lane(104921,1,0)
lane(104921,4,1)
tap(105550,1,4)
tap(106179,1,4)
tap(106650,1,3)
hold(106964,3,1,628)
tap(107749,1,3)
tap(108378,1,2)
tap(108692,1,2)
tap(109006,1,2)
tap(109948,1,3)
tap(110262,1,3)
tap(110577,1,4)
tap(111205,1,4)
tap(111833,1,3)
hold(112147,3,1,629)
tap(112933,1,3)
tap(113561,1,4)
tap(114189,1,4)
skyarea(115602,10,12,4,2,12,4,0,0,2513,175)
skyarea(118115,2,12,4,10,12,4,0,0,2513,175)
skyarea(120628,10,12,4,2,12,4,0,0,2513,175)
skyarea(123141,2,12,4,10,12,4,0,0,1885,175)
tap(115916,1,5)
tap(116545,1,5)
tap(117173,1,5)
tap(117801,1,5)
tap(118429,1,5)
tap(119058,1,5)
tap(119686,1,5)
tap(120314,1,5)
tap(120942,1,5)
tap(121571,1,5)
tap(122199,1,5)
tap(122827,1,5)
tap(123455,1,5)
tap(124084,1,5)
tap(124712,1,5)
skyarea(125654,10,12,4,2,12,4,0,0,315,191)
skyarea(125969,6,12,12,6,12,12,0,1,628,191)
skyarea(126597,4,12,4,8,12,4,0,0,628,191)
skyarea(127225,8,12,4,4,12,4,0,0,628,191)
flick(127853,6,12,8,4)
skyarea(128167,9,12,4,3,12,4,1,1,471,193)
skyarea(128638,3,12,4,6,12,4,2,2,471,193)
skyarea(129109,6,12,4,9,12,4,1,1,471,193)
skyarea(129580,9,12,4,3,12,4,2,2,472,193)
flick(130052,6,12,10,4)
flick(130209,6,12,10,16)
skyarea(130681,2,12,4,10,12,4,0,0,471,196)
skyarea(131152,10,12,4,2,12,4,0,0,471,196)
skyarea(131623,2,12,4,10,12,4,0,0,471,196)
skyarea(132094,10,12,4,2,12,4,0,0,471,196)
flick(132880,6,12,4,4)
skyarea(133193,9,12,4,7,12,4,0,0,157,198)
skyarea(133664,3,12,4,5,12,4,0,0,157,199)
skyarea(134135,7,12,4,10,12,4,0,0,315,200)
skyarea(134764,5,12,4,2,12,4,0,0,314,201)
skyarea(135707,2,12,4,6,12,4,1,1,942,202)
skyarea(136649,6,12,4,10,12,4,2,2,943,202)
skyarea(138220,10,12,4,6,12,4,1,1,942,203)
skyarea(139162,6,12,4,2,12,4,2,2,943,203)
skyarea(140733,7,12,4,9,12,4,1,1,471,204)
skyarea(141204,9,12,4,7,12,4,2,2,471,204)
skyarea(141675,7,12,4,4,12,4,1,1,629,204)
skyarea(142304,4,12,4,6,12,4,2,2,471,204)
skyarea(143246,5,12,4,3,12,4,1,1,471,205)
skyarea(143717,3,12,4,5,12,4,2,2,471,205)
skyarea(144188,5,12,4,8,12,4,1,1,629,205)
skyarea(144817,8,12,4,6,12,4,2,2,471,205)
flick(145759,6,12,12,16)
