chart(163.00,4.00)
lane(0,4,0)
flick(27975,6,12,6,4)
flick(29448,6,12,6,16)
flick(30920,6,12,12,4)
flick(32393,6,12,12,16)
flick(33865,3,12,6,4)
flick(34601,9,12,6,4)
flick(35337,9,12,6,16)
flick(36074,3,12,6,16)
flick(36810,6,12,12,4)
flick(38282,6,12,12,16)
skyarea(51534,6,12,12,6,12,4,1,1,736,10)
skyarea(52270,6,12,4,6,12,4,0,0,736,10)
skyarea(53006,6,12,4,10,12,4,0,0,1473,10)
skyarea(54479,10,12,4,2,12,4,0,0,1472,10)
skyarea(55951,2,12,4,6,12,4,0,0,1472,10)
skyarea(57423,6,12,4,6,12,12,0,0,737,10)
skyarea(58896,6,12,4,3,12,4,0,0,368,11)
skyarea(59632,6,12,4,9,12,4,0,0,368,12)
skyarea(60368,8,12,8,8,12,4,1,1,368,13)
skyarea(60736,8,12,4,8,12,8,2,2,368,13)
skyarea(61656,4,12,8,4,12,4,1,1,369,14)
skyarea(62025,4,12,4,4,12,8,2,2,368,14)
tap(86871,1,1)
tap(88344,1,1)
tap(89816,1,2)
tap(91288,1,2)
tap(92761,1,3)
tap(94233,1,3)
tap(95706,1,2)
tap(95706,1,1)
tap(96994,1,1)
tap(96994,1,2)
hold(113374,1,1,2209)
hold(116319,2,1,2209)
hold(119264,3,1,2208)
hold(122209,2,1,736)
hold(123681,2,1,736)
tap(151656,1,5)
tap(152393,1,5)
tap(153129,1,5)
tap(153865,1,5)
tap(154601,1,5)
tap(155337,1,5)
hold(156074,5,1,736)
tap(157546,1,0)
tap(158282,1,0)
tap(159018,1,0)
tap(159755,1,0)
tap(160491,1,0)
tap(161227,1,0)
hold(161963,0,1,736)
lane(175215,1,0)
lane(175215,4,1)
lane(178160,1,1)
lane(178160,4,0)
lane(181104,1,0)
lane(181104,4,1)
lane(184049,4,0)
lane(184049,1,1)
lane(198773,1,0)
lane(198773,4,1)
hold(201718,4,1,2945)
hold(201718,3,1,2945)
hold(201718,2,1,2945)
lane(206135,1,1)
lane(206135,4,0)
hold(207607,2,1,2945)
hold(207607,1,1,2945)
hold(207607,3,1,2945)
lane(212761,4,1)
lane(212761,1,0)
tap(213497,1,4)
tap(214233,1,4)
tap(214969,1,3)
tap(215706,1,3)
tap(216442,1,2)
tap(217178,1,2)
tap(217914,1,3)
tap(217914,1,4)
lane(218650,1,1)
lane(218650,4,0)
tap(219387,1,1)
tap(220123,1,1)
tap(220859,1,2)
tap(221595,1,2)
tap(222331,1,3)
tap(223067,1,3)
tap(223804,1,1)
tap(223804,1,2)
hold(240000,1,1,184)
tap(240368,1,1)
tap(240736,1,2)
tap(240920,1,2)
tap(241288,1,3)
hold(241472,3,1,184)
hold(241840,3,1,185)
tap(242209,1,1)
tap(242393,1,1)
tap(242577,1,1)
tap(242945,1,2)
tap(243129,1,2)
tap(243313,1,3)
tap(243681,1,3)
tap(243865,1,3)
tap(244049,1,1)
tap(244417,1,1)
tap(244785,1,1)
tap(245153,1,1)
flick(245429,6,12,6,4)
lane(245429,1,0)
lane(245429,4,1)
hold(245890,4,1,184)
tap(246258,1,4)
tap(246626,1,3)
tap(246810,1,3)
tap(247178,1,2)
hold(247362,2,1,184)
hold(247730,2,1,185)
tap(248099,1,4)
tap(248283,1,4)
tap(248467,1,4)
tap(248835,1,3)
tap(249019,1,3)
tap(249203,1,2)
tap(249571,1,2)
tap(249755,1,2)
tap(249939,1,4)
tap(250307,1,4)
tap(250675,1,4)
tap(251043,1,4)
flick(251411,6,12,6,16)
skyarea(251779,6,12,12,6,12,4,1,1,368,106)
skyarea(252147,6,12,4,2,12,4,2,2,368,106)
flick(252515,4,12,8,4)
flick(252883,6,12,4,16)
flick(253067,6,12,4,4)
flick(253436,3,12,6,16)
flick(253804,9,12,6,4)
flick(254172,6,12,6,16)
skyarea(254724,6,12,12,6,12,4,1,1,368,113)
skyarea(255092,6,12,4,10,12,4,2,2,368,113)
flick(255460,8,12,8,16)
flick(255828,6,12,4,4)
flick(256012,6,12,4,16)
flick(256196,8,12,4,4)
flick(256380,7,12,4,16)
flick(256564,6,12,4,4)
flick(256748,5,12,4,16)
flick(256933,4,12,4,4)
skyarea(257669,6,12,12,6,12,4,1,1,368,122)
skyarea(258037,6,12,4,2,12,4,2,2,368,122)
flick(258405,4,12,8,4)
flick(258773,6,12,4,16)
flick(258957,6,12,4,4)
skyarea(259141,6,12,12,6,12,4,1,1,368,126)
skyarea(259509,6,12,4,10,12,4,2,2,368,126)
flick(259877,8,12,8,16)
skyarea(260061,6,12,4,6,12,12,2,2,552,128)
flick(260613,6,12,12,16)
flick(260982,6,12,12,4)
flick(261166,6,12,12,16)
skyarea(261350,6,12,12,6,12,4,0,0,184,132)
skyarea(261534,6,12,4,6,12,4,0,2,368,132)
flick(261902,5,12,6,16)
flick(262270,7,12,6,4)
flick(262638,5,12,6,16)
flick(263006,7,12,6,4)
tap(263558,1,5)
tap(263926,1,5)
tap(264294,1,5)
tap(264663,1,5)
tap(265031,1,5)
tap(265399,1,5)
tap(265767,1,5)
hold(266135,5,1,368)
tap(266503,1,0)
tap(266871,1,0)
tap(267239,1,0)
hold(267791,0,1,184)
tap(268160,1,0)
tap(268344,1,0)
hold(268712,0,1,368)
hold(268712,5,1,368)
hold(269448,3,1,368)
hold(269448,4,1,368)
tap(270184,1,4)
tap(270552,1,4)
tap(270920,1,3)
tap(271288,1,3)
tap(271656,1,2)
tap(271840,1,2)
tap(272025,1,3)
skyarea(272761,9,12,6,2,12,4,1,1,184,162)
skyarea(272945,2,12,4,6,12,4,2,2,184,162)
skyarea(273129,6,12,4,10,12,4,1,1,184,162)
skyarea(273313,10,12,4,3,12,6,2,2,184,162)
flick(273865,6,12,8,4)
flick(274110,6,12,8,16)
flick(274356,6,12,8,4)
flick(274601,6,12,8,16)
lane(274601,1,1)
lane(274601,4,0)
hold(275337,2,1,368)
hold(275337,1,1,368)
tap(276073,1,1)
tap(276441,1,1)
tap(276809,1,2)
tap(277178,1,2)
tap(277545,1,3)
tap(277729,1,3)
tap(277913,1,2)
skyarea(278374,6,12,12,10,12,4,0,0,276,176)
skyarea(278650,6,12,12,2,12,4,0,0,276,176)
skyarea(278926,9,18,18,13,18,10,0,1,184,176)
skyarea(279110,6,12,12,2,12,4,0,0,276,176)
skyarea(279386,6,12,12,10,12,4,0,0,276,176)
skyarea(279662,9,18,18,5,18,10,1,0,184,176)
skyarea(279846,6,12,12,10,12,4,0,0,277,176)
skyarea(280123,6,12,12,2,12,4,0,0,276,176)
skyarea(280399,9,18,18,11,18,14,0,1,92,176)
flick(280491,9,18,18,16)
skyarea(281227,6,12,12,6,12,4,1,1,368,178)
skyarea(281595,6,12,4,10,12,4,2,2,368,178)
flick(281963,8,12,8,16)
flick(282331,6,12,4,4)
flick(282515,6,12,4,16)
flick(282884,9,12,6,4)
flick(283252,3,12,6,16)
flick(283620,6,12,6,4)
skyarea(284172,6,12,12,6,12,4,1,1,368,185)
skyarea(284540,6,12,4,2,12,4,2,2,368,185)
flick(284908,4,12,8,4)
flick(285276,6,12,4,16)
flick(285460,6,12,4,4)
flick(285828,3,12,6,16)
flick(286012,9,12,6,4)
flick(286196,3,12,6,16)
flick(286380,9,12,6,4)
skyarea(287117,6,12,12,2,12,4,1,1,368,193)
skyarea(287485,2,12,4,1,24,2,1,2,4049,193)
hold(287485,5,1,4049)
