chart(163.00,4.00)
lane(0,0,0)
lane(0,4,0)
flick(27975,6,12,6,4)
flick(29448,6,12,6,16)
flick(30920,6,12,12,4)
flick(32393,6,12,12,16)
flick(33865,3,12,6,4)
flick(34601,9,12,6,4)
flick(35337,9,12,6,16)
flick(36074,3,12,6,16)
flick(36810,6,12,12,4)
flick(38282,6,12,12,16)
skyarea(51534,6,12,12,6,12,4,1,1,736,10)
skyarea(52270,6,12,4,6,12,4,0,0,736,10)
skyarea(53006,6,12,4,10,12,4,0,0,1473,10)
skyarea(54479,10,12,4,2,12,4,0,0,1472,10)
skyarea(55951,2,12,4,6,12,4,0,0,1472,10)
skyarea(57423,6,12,4,6,12,12,0,0,737,10)
skyarea(58896,6,12,4,3,12,4,0,0,368,11)
skyarea(59632,6,12,4,9,12,4,0,0,368,12)
skyarea(60368,8,12,8,8,12,4,1,1,368,13)
skyarea(60736,8,12,4,8,12,8,2,2,368,13)
skyarea(61656,4,12,8,4,12,4,1,1,369,14)
skyarea(62025,4,12,4,4,12,8,2,2,368,14)
tap(86871,1,1)
tap(88344,1,1)
tap(89816,1,2)
tap(91288,1,2)
tap(92761,1,3)
tap(94233,1,3)
tap(95706,1,2)
tap(95706,1,1)
tap(96994,1,2)
tap(96994,1,1)
hold(113374,1,1,2209)
hold(116319,2,1,2209)
hold(119264,3,1,2208)
hold(122209,2,1,736)
hold(123681,2,1,736)
tap(151656,1,5)
tap(152393,1,5)
tap(153129,1,5)
tap(153865,1,5)
tap(154601,1,5)
tap(155337,1,5)
hold(156074,5,1,736)
tap(157546,1,5)
tap(158282,1,5)
tap(159018,1,5)
tap(159755,1,5)
tap(160491,1,5)
tap(161227,1,5)
hold(161963,5,1,736)
tap(178160,1,1)
tap(178528,1,1)
hold(178896,1,1,368)
tap(179632,1,2)
tap(180000,1,2)
hold(180368,2,1,368)
tap(181104,1,3)
tap(181472,1,3)
hold(181840,3,1,369)
tap(182577,1,2)
tap(182945,1,2)
hold(183313,2,1,368)
tap(184049,1,3)
tap(184417,1,3)
hold(184785,3,1,368)
tap(185521,1,2)
tap(185890,1,2)
hold(186258,2,1,368)
tap(186994,1,1)
tap(187362,1,1)
hold(187730,1,1,368)
tap(188466,1,2)
tap(188834,1,2)
hold(189202,2,1,369)
skyarea(189939,9,12,6,2,12,4,1,1,736,68)
flick(190675,4,12,8,4)
flick(191227,6,12,6,16)
flick(191595,6,12,6,4)
flick(191963,6,12,6,16)
skyarea(192883,3,12,6,10,12,4,1,1,736,73)
flick(193619,8,12,8,16)
flick(194356,6,12,6,4)
flick(194724,6,12,6,16)
flick(195092,6,12,6,4)
skyarea(195828,9,12,6,2,12,4,1,1,736,78)
flick(196564,4,12,8,4)
flick(196933,6,12,4,16)
skyarea(197301,3,12,6,10,12,4,1,1,736,81)
flick(198037,8,12,8,16)
flick(198405,6,12,4,4)
skyarea(198773,6,12,12,6,12,4,0,0,368,84)
skyarea(199141,6,12,4,6,12,12,0,0,368,84)
flick(199509,6,12,12,16)
skyarea(200061,2,12,4,2,12,4,0,0,184,86)
skyarea(200429,6,12,4,6,12,4,0,0,184,87)
skyarea(200798,10,12,4,10,12,4,0,0,184,88)
tap(201718,1,5)
tap(202086,1,5)
tap(202454,1,5)
tap(203191,1,5)
tap(203559,1,5)
tap(203927,1,5)
tap(204663,1,5)
tap(205031,1,5)
tap(205399,1,5)
hold(205951,5,1,920)
hold(207607,3,1,368)
tap(208344,1,3)
tap(209080,1,2)
tap(209448,1,2)
tap(209816,1,2)
tap(210920,1,1)
tap(211288,1,1)
tap(211656,1,2)
tap(212025,1,2)
tap(212393,1,3)
tap(212761,1,3)
hold(213497,1,1,368)
tap(214233,1,1)
tap(214969,1,2)
tap(215337,1,2)
tap(215706,1,2)
skyarea(216534,8,12,8,8,12,4,0,0,276,115)
skyarea(216810,8,12,4,8,12,8,0,0,276,115)
skyarea(217270,6,12,8,6,12,4,0,0,276,116)
skyarea(217546,6,12,4,6,12,8,0,0,276,116)
skyarea(218006,4,12,8,4,12,4,0,0,276,117)
skyarea(218282,4,12,4,4,12,8,0,0,276,117)
skyarea(219387,3,12,6,10,12,4,1,1,736,118)
flick(220123,8,12,8,16)
flick(220675,6,12,6,4)
flick(221043,6,12,6,16)
flick(221411,6,12,6,4)
skyarea(222331,9,12,6,2,12,4,1,1,736,123)
flick(223067,4,12,8,4)
flick(223804,6,12,6,16)
flick(224172,6,12,6,4)
flick(224540,6,12,6,16)
skyarea(225276,6,12,12,10,12,4,1,0,368,128)
skyarea(225644,6,12,12,2,12,4,1,1,368,128)
skyarea(226012,2,12,4,2,12,4,1,1,736,128)
skyarea(226748,2,12,4,9,12,6,2,2,2945,128)
