chart(163.00,4.00)
lane(0,4,0)
tap(16196,1,1)
tap(16748,1,1)
tap(17301,1,1)
tap(17853,1,2)
tap(18221,1,2)
tap(18589,1,2)
tap(19141,1,3)
tap(19693,1,3)
tap(20245,1,3)
tap(20613,1,2)
tap(20982,1,2)
tap(21350,1,2)
skyarea(22086,9,12,6,2,12,4,1,1,736,12)
flick(22822,4,12,8,4)
flick(23006,5,12,6,16)
skyarea(23558,3,12,6,10,12,4,1,1,736,15)
flick(24294,8,12,8,16)
flick(24479,7,12,6,4)
skyarea(25031,6,12,12,6,12,4,1,1,736,18)
flick(25767,7,12,6,4)
flick(25951,5,12,6,16)
skyarea(26503,6,12,4,6,12,6,2,2,368,21)
flick(26871,5,12,8,16)
flick(27423,7,12,8,4)
tap(28528,1,3)
tap(29080,1,3)
tap(29632,1,2)
tap(30184,1,2)
tap(31472,1,1)
tap(32025,1,1)
tap(32577,1,2)
tap(33129,1,2)
tap(33865,1,5)
tap(34233,1,5)
tap(34601,1,5)
tap(35337,1,5)
tap(35706,1,5)
tap(36074,1,5)
tap(36810,1,5)
tap(37178,1,5)
tap(37546,1,5)
tap(37914,1,5)
tap(38282,1,5)
tap(51534,1,0)
tap(52271,1,0)
tap(53007,1,0)
tap(53743,1,0)
tap(54479,1,0)
tap(55215,1,0)
hold(55952,0,1,736)
tap(57424,1,0)
tap(58160,1,0)
tap(58896,1,0)
tap(59633,1,0)
tap(60369,1,0)
tap(61105,1,0)
hold(61841,0,1,736)
lane(75092,1,0)
lane(75092,4,1)
lane(78037,4,0)
lane(78037,1,1)
lane(80982,1,0)
lane(80982,4,1)
lane(83926,4,0)
lane(83926,1,1)
lane(98650,1,0)
lane(98650,4,1)
hold(101596,2,1,2945)
hold(101596,3,1,2945)
hold(101596,4,1,2945)
lane(106012,1,1)
lane(106012,4,0)
hold(107485,3,1,2945)
hold(107485,1,1,2945)
hold(107485,2,1,2945)
lane(112638,1,0)
lane(112638,4,1)
tap(113375,1,4)
tap(114111,1,4)
tap(114847,1,3)
tap(115584,1,3)
tap(116320,1,2)
tap(117056,1,2)
tap(117792,1,4)
tap(117792,1,3)
lane(118528,4,0)
lane(118528,1,1)
tap(119265,1,1)
tap(120001,1,1)
tap(120737,1,2)
tap(121473,1,2)
tap(122209,1,3)
tap(122945,1,3)
tap(123682,1,2)
tap(123682,1,1)
